1 1 43
1 6 242
1 11 472
1 16 899
1 21 1398
1 26 2271
1 31 2976
1 36 3858
1 41 5627
1 46 6265
1 51 7611
1 56 9052
1 61 11751
1 66 12644
1 71 14807
1 76 16797
1 81 20105
1 86 21639
1 91 23914
1 96 26518
6 1 44
6 6 279
6 11 610
6 16 1080
6 21 1838
6 26 3051
6 31 3667
6 36 4807
6 41 6393
6 46 7631
6 51 9043
6 56 10911
6 61 13181
6 66 15197
6 71 17138
6 76 19646
6 81 25479
6 86 25455
6 91 28461
6 96 31570
11 1 44
11 6 289
11 11 655
11 16 1243
11 21 1966
11 26 3034
11 31 4009
11 36 5168
11 41 7039
11 46 8232
11 51 9964
11 56 12015
11 61 15268
11 66 16363
11 71 19417
11 76 21550
11 81 26178
11 86 27803
11 91 30585
11 96 34312
16 1 43
16 6 303
16 11 721
16 16 1387
16 21 2252
16 26 3342
16 31 4354
16 36 5680
16 41 7587
16 46 9046
16 51 10970
16 56 12847
16 61 15441
16 66 17829
16 71 20741
16 76 23069
16 81 29691
16 86 29775
16 91 33022
16 96 36896
21 1 43
21 6 451
21 11 741
21 16 1344
21 21 2240
21 26 3382
21 31 4531
21 36 5975
21 41 7582
21 46 9455
21 51 11387
21 56 13455
21 61 16820
21 66 19547
21 71 21820
21 76 24843
21 81 29314
21 86 31618
21 91 34361
21 96 38954
26 1 42
26 6 288
26 11 727
26 16 1368
26 21 2274
26 26 3947
26 31 4757
26 36 6136
26 41 8265
26 46 9963
26 51 11776
26 56 13950
26 61 17389
26 66 19170
26 71 21936
26 76 24700
26 81 29377
26 86 31638
26 91 35579
26 96 40312
31 1 43
31 6 412
31 11 726
31 16 1413
31 21 2326
31 26 3532
31 31 4751
31 36 6160
31 41 8334
31 46 9858
31 51 12316
31 56 14227
31 61 18164
31 66 19594
31 71 22450
31 76 25607
31 81 29752
31 86 32050
31 91 36341
31 96 40172
36 1 43
36 6 294
36 11 750
36 16 1510
36 21 2316
36 26 3931
36 31 4809
36 36 6379
36 41 8593
36 46 10094
36 51 12270
36 56 15618
36 61 18097
36 66 19900
36 71 22947
36 76 26539
36 81 32405
36 86 33169
36 91 37019
36 96 40556
41 1 43
41 6 295
41 11 858
41 16 1456
41 21 2314
41 26 3924
41 31 4887
41 36 6294
41 41 8535
41 46 10904
41 51 12239
41 56 15046
41 61 17672
41 66 20672
41 71 23670
41 76 27293
41 81 31178
41 86 33903
41 91 38220
41 96 42103
46 1 42
46 6 404
46 11 739
46 16 1508
46 21 2337
46 26 3897
46 31 4816
46 36 6475
46 41 8906
46 46 11032
46 51 12799
46 56 14997
46 61 17988
46 66 21115
46 71 23521
46 76 27556
46 81 32687
46 86 34264
46 91 38561
46 96 42657
51 1 43
51 6 294
51 11 800
51 16 1411
51 21 2373
51 26 3771
51 31 4970
51 36 6503
51 41 8474
51 46 10303
51 51 12823
51 56 15206
51 61 19070
51 66 20964
51 71 24195
51 76 27076
51 81 35307
51 86 35230
51 91 38959
51 96 43298
56 1 44
56 6 289
56 11 759
56 16 1380
56 21 2491
56 26 3489
56 31 4819
56 36 6536
56 41 8860
56 46 10542
56 51 13203
56 56 15771
56 61 20639
56 66 21178
56 71 24388
56 76 27835
56 81 32898
56 86 34986
56 91 38989
56 96 44178
61 1 42
61 6 293
61 11 790
61 16 1508
61 21 2407
61 26 3548
61 31 4890
61 36 6443
61 41 9406
61 46 10672
61 51 12738
61 56 15428
61 61 18609
61 66 21133
61 71 25415
61 76 28519
61 81 32500
61 86 35636
61 91 39275
61 96 44169
66 1 44
66 6 316
66 11 793
66 16 1437
66 21 2424
66 26 3556
66 31 4929
66 36 6614
66 41 8938
66 46 10961
66 51 12835
66 56 15726
66 61 19235
66 66 21627
66 71 24953
66 76 28426
66 81 34648
66 86 35743
66 91 39826
66 96 43516
71 1 56
71 6 316
71 11 768
71 16 1444
71 21 2345
71 26 3528
71 31 4948
71 36 6983
71 41 8644
71 46 10475
71 51 13021
71 56 15903
71 61 19302
71 66 21533
71 71 24808
71 76 28408
71 81 32977
71 86 36506
71 91 40634
71 96 44456
76 1 43
76 6 324
76 11 754
76 16 1440
76 21 2395
76 26 3640
76 31 4939
76 36 6767
76 41 9882
76 46 11202
76 51 13549
76 56 15840
76 61 19237
76 66 22345
76 71 25206
76 76 28350
76 81 35549
76 86 36093
76 91 41465
76 96 44526
81 1 44
81 6 296
81 11 739
81 16 1434
81 21 2396
81 26 3511
81 31 4968
81 36 6552
81 41 8871
81 46 11948
81 51 13009
81 56 15750
81 61 19560
81 66 21708
81 71 25298
81 76 28600
81 81 34587
81 86 36624
81 91 41445
81 96 45141
86 1 43
86 6 309
86 11 754
86 16 1497
86 21 2432
86 26 3684
86 31 4930
86 36 6738
86 41 9887
86 46 11114
86 51 13070
86 56 15829
86 61 19375
86 66 21470
86 71 25159
86 76 28375
86 81 33352
86 86 36544
86 91 40936
86 96 45159
91 1 44
91 6 305
91 11 732
91 16 1439
91 21 2403
91 26 3560
91 31 5004
91 36 6693
91 41 9246
91 46 11054
91 51 13012
91 56 15662
91 61 20555
91 66 21757
91 71 25465
91 76 29262
91 81 33495
91 86 36799
91 91 41159
91 96 45654
96 1 43
96 6 291
96 11 751
96 16 1462
96 21 2477
96 26 3530
96 31 5216
96 36 6702
96 41 8869
96 46 11124
96 51 13394
96 56 15771
96 61 18692
96 66 21720
96 71 25134
96 76 28748
96 81 36358
96 86 36880
96 91 41027
96 96 45935
