1 1 0.000274
1 6 0.000242
1 11 0.000267
1 16 0.000313
1 21 0.000379
1 26 0.000248
1 31 0.000248
1 36 0.000271
1 41 0.000249
1 46 0.000317
1 51 0.000256
1 56 0.000249
1 61 0.000217
1 66 0.000238
1 71 0.000233
1 76 0.000221
1 81 0.000232
1 86 0.000254
1 91 0.000253
1 96 0.00033
6 1 0.00024
6 6 0.000289
6 11 0.000268
6 16 0.000297
6 21 0.000222
6 26 0.000229
6 31 0.000219
6 36 0.000231
6 41 0.000244
6 46 0.000246
6 51 0.000236
6 56 0.000237
6 61 0.000234
6 66 0.000238
6 71 0.000237
6 76 0.000229
6 81 0.000252
6 86 0.000232
6 91 0.000235
6 96 0.000255
11 1 0.000257
11 6 0.000244
11 11 0.000229
11 16 0.00023
11 21 0.000238
11 26 0.000223
11 31 0.000233
11 36 0.00023
11 41 0.000246
11 46 0.000308
11 51 0.00023
11 56 0.000219
11 61 0.000245
11 66 0.000246
11 71 0.000322
11 76 0.000294
11 81 0.000237
11 86 0.000229
11 91 0.000338
11 96 0.000243
16 1 0.000262
16 6 0.000234
16 11 0.000235
16 16 0.000236
16 21 0.000234
16 26 0.000224
16 31 0.000231
16 36 0.000224
16 41 0.000223
16 46 0.000252
16 51 0.00022
16 56 0.000222
16 61 0.000222
16 66 0.000222
16 71 0.000241
16 76 0.000254
16 81 0.00024
16 86 0.000234
16 91 0.00023
16 96 0.00025
21 1 0.00029
21 6 0.000242
21 11 0.000236
21 16 0.000217
21 21 0.000239
21 26 0.000235
21 31 0.000232
21 36 0.00022
21 41 0.000216
21 46 0.000246
21 51 0.000242
21 56 0.000249
21 61 0.000236
21 66 0.000267
21 71 0.000253
21 76 0.000244
21 81 0.000235
21 86 0.000258
21 91 0.000241
21 96 0.000231
26 1 0.000237
26 6 0.000234
26 11 0.000235
26 16 0.000225
26 21 0.000228
26 26 0.000231
26 31 0.000299
26 36 0.000232
26 41 0.00022
26 46 0.000231
26 51 0.000237
26 56 0.000246
26 61 0.000299
26 66 0.000258
26 71 0.000219
26 76 0.00032
26 81 0.000227
26 86 0.000258
26 91 0.000267
26 96 0.000306
31 1 0.000233
31 6 0.000237
31 11 0.000236
31 16 0.000216
31 21 0.000228
31 26 0.000213
31 31 0.000257
31 36 0.000247
31 41 0.000231
31 46 0.000236
31 51 0.000232
31 56 0.000216
31 61 0.00023
31 66 0.000238
31 71 0.000241
31 76 0.000242
31 81 0.000227
31 86 0.000254
31 91 0.000235
31 96 0.000253
36 1 0.000257
36 6 0.000253
36 11 0.000237
36 16 0.000242
36 21 0.000358
36 26 0.000318
36 31 0.000234
36 36 0.000214
36 41 0.000218
36 46 0.000222
36 51 0.000295
36 56 0.000232
36 61 0.000245
36 66 0.000227
36 71 0.000226
36 76 0.000231
36 81 0.000248
36 86 0.000287
36 91 0.000334
36 96 0.000319
41 1 0.000327
41 6 0.000306
41 11 0.000234
41 16 0.000318
41 21 0.000319
41 26 0.000335
41 31 0.000377
41 36 0.000354
41 41 0.000312
41 46 0.000254
41 51 0.000244
41 56 0.000264
41 61 0.000266
41 66 0.000247
41 71 0.000236
41 76 0.000315
41 81 0.000266
41 86 0.000248
41 91 0.000244
41 96 0.000429
46 1 0.00026
46 6 0.000278
46 11 0.000224
46 16 0.000234
46 21 0.000243
46 26 0.000217
46 31 0.000306
46 36 0.000238
46 41 0.000232
46 46 0.000245
46 51 0.000224
46 56 0.000252
46 61 0.000245
46 66 0.000228
46 71 0.000249
46 76 0.000244
46 81 0.000252
46 86 0.000242
46 91 0.000243
46 96 0.000241
51 1 0.000247
51 6 0.000359
51 11 0.000288
51 16 0.000228
51 21 0.000218
51 26 0.000217
51 31 0.000293
51 36 0.000313
51 41 0.000323
51 46 0.000343
51 51 0.000258
51 56 0.000288
51 61 0.000246
51 66 0.000261
51 71 0.000255
51 76 0.000348
51 81 0.000255
51 86 0.000244
51 91 0.000237
51 96 0.000242
56 1 0.000241
56 6 0.000248
56 11 0.000233
56 16 0.000287
56 21 0.000242
56 26 0.00027
56 31 0.000217
56 36 0.000235
56 41 0.000246
56 46 0.000274
56 51 0.00028
56 56 0.000288
56 61 0.0003
56 66 0.000334
56 71 0.000294
56 76 0.000322
56 81 0.000278
56 86 0.000281
56 91 0.000237
56 96 0.000282
61 1 0.000332
61 6 0.000309
61 11 0.000266
61 16 0.000282
61 21 0.000291
61 26 0.000296
61 31 0.000271
61 36 0.000277
61 41 0.000294
61 46 0.000338
61 51 0.000283
61 56 0.000342
61 61 0.000302
61 66 0.000299
61 71 0.000266
61 76 0.000319
61 81 0.000304
61 86 0.000308
61 91 0.000289
61 96 0.000312
66 1 0.000274
66 6 0.000305
66 11 0.000273
66 16 0.000246
66 21 0.000309
66 26 0.000264
66 31 0.00024
66 36 0.000271
66 41 0.000262
66 46 0.000299
66 51 0.000301
66 56 0.000305
66 61 0.000277
66 66 0.000281
66 71 0.000281
66 76 0.000407
66 81 0.000262
66 86 0.000323
66 91 0.000308
66 96 0.000255
71 1 0.000307
71 6 0.000359
71 11 0.000261
71 16 0.000317
71 21 0.000299
71 26 0.000288
71 31 0.000247
71 36 0.000269
71 41 0.000303
71 46 0.0003
71 51 0.000287
71 56 0.000294
71 61 0.000262
71 66 0.000289
71 71 0.000283
71 76 0.000303
71 81 0.000284
71 86 0.000297
71 91 0.000359
71 96 0.000272
76 1 0.000276
76 6 0.00028
76 11 0.000248
76 16 0.000238
76 21 0.000278
76 26 0.00029
76 31 0.000289
76 36 0.000296
76 41 0.000299
76 46 0.000308
76 51 0.000306
76 56 0.000289
76 61 0.000278
76 66 0.00028
76 71 0.000346
76 76 0.000294
76 81 0.000346
76 86 0.000237
76 91 0.00033
76 96 0.00032
81 1 0.000309
81 6 0.000248
81 11 0.000259
81 16 0.00028
81 21 0.000299
81 26 0.000314
81 31 0.000327
81 36 0.000332
81 41 0.00031
81 46 0.000333
81 51 0.000243
81 56 0.00032
81 61 0.000295
81 66 0.000286
81 71 0.000326
81 76 0.000299
81 81 0.000374
81 86 0.000258
81 91 0.000275
81 96 0.000265
86 1 0.00034
86 6 0.000273
86 11 0.00024
86 16 0.000251
86 21 0.00031
86 26 0.000388
86 31 0.00024
86 36 0.000254
86 41 0.000295
86 46 0.000282
86 51 0.000263
86 56 0.000267
86 61 0.000319
86 66 0.00036
86 71 0.000298
86 76 0.00028
86 81 0.000266
86 86 0.000264
86 91 0.000273
86 96 0.00026
91 1 0.000258
91 6 0.000273
91 11 0.000291
91 16 0.000295
91 21 0.000284
91 26 0.000276
91 31 0.000272
91 36 0.000262
91 41 0.000268
91 46 0.000281
91 51 0.00028
91 56 0.000281
91 61 0.00028
91 66 0.000304
91 71 0.000267
91 76 0.00024
91 81 0.000298
91 86 0.000253
91 91 0.000357
91 96 0.000254
96 1 0.000262
96 6 0.000302
96 11 0.000238
96 16 0.000294
96 21 0.00029
96 26 0.000289
96 31 0.000237
96 36 0.000234
96 41 0.000287
96 46 0.000281
96 51 0.000299
96 56 0.00035
96 61 0.000269
96 66 0.000311
96 71 0.000301
96 76 0.000244
96 81 0.000288
96 86 0.000333
96 91 0.000312
96 96 0.000252
