1 1 790056
1 6 790056
1 11 790056
1 16 790056
1 21 790056
1 26 790056
1 31 790056
1 36 790056
1 41 790056
1 46 790056
1 51 790056
1 56 790056
1 61 790056
1 66 790056
1 71 790056
1 76 790056
1 81 790056
1 86 790056
1 91 790056
1 96 790056
6 1 790056
6 6 790084
6 11 790084
6 16 790084
6 21 790091
6 26 790084
6 31 790084
6 36 790091
6 41 790084
6 46 790091
6 51 790091
6 56 790084
6 61 790084
6 66 790091
6 71 790091
6 76 790091
6 81 790084
6 86 790084
6 91 790084
6 96 790091
11 1 790056
11 6 790098
11 11 790119
11 16 790126
11 21 790126
11 26 790119
11 31 790119
11 36 790119
11 41 790126
11 46 790126
11 51 790126
11 56 790126
11 61 790119
11 66 790119
11 71 790119
11 76 790126
11 81 790126
11 86 790119
11 91 790126
11 96 790126
16 1 790056
16 6 790119
16 11 790140
16 16 790161
16 21 790154
16 26 790168
16 31 790161
16 36 790175
16 41 790161
16 46 790154
16 51 790154
16 56 790168
16 61 790154
16 66 790154
16 71 790161
16 76 790154
16 81 790161
16 86 790161
16 91 790161
16 96 790154
21 1 790056
21 6 790105
21 11 790147
21 16 790182
21 21 790196
21 26 790189
21 31 790196
21 36 790189
21 41 790189
21 46 790203
21 51 790196
21 56 790189
21 61 790196
21 66 790189
21 71 790189
21 76 790196
21 81 790196
21 86 790196
21 91 790203
21 96 790189
26 1 790056
26 6 790105
26 11 790147
26 16 790182
26 21 790217
26 26 790231
26 31 790231
26 36 790224
26 41 790224
26 46 790224
26 51 790231
26 56 790224
26 61 790224
26 66 790238
26 71 790231
26 76 790224
26 81 790231
26 86 790224
26 91 790231
26 96 790231
31 1 790056
31 6 790119
31 11 790168
31 16 790203
31 21 790224
31 26 790245
31 31 790259
31 36 790266
31 41 790259
31 46 790266
31 51 790259
31 56 790259
31 61 790259
31 66 790266
31 71 790259
31 76 790266
31 81 790266
31 86 790273
31 91 790266
31 96 790266
36 1 790056
36 6 790119
36 11 790154
36 16 790196
36 21 790252
36 26 790259
36 31 790273
36 36 790294
36 41 790294
36 46 790294
36 51 790308
36 56 790294
36 61 790294
36 66 790294
36 71 790308
36 76 790294
36 81 790301
36 86 790301
36 91 790294
36 96 790294
41 1 790056
41 6 790119
41 11 790161
41 16 790217
41 21 790224
41 26 790259
41 31 790301
41 36 790322
41 41 790329
41 46 790336
41 51 790336
41 56 790329
41 61 790329
41 66 790329
41 71 790329
41 76 790336
41 81 790343
41 86 790336
41 91 790343
41 96 790343
46 1 790056
46 6 790126
46 11 790168
46 16 790231
46 21 790245
46 26 790280
46 31 790308
46 36 790350
46 41 790357
46 46 790371
46 51 790364
46 56 790364
46 61 790371
46 66 790371
46 71 790364
46 76 790364
46 81 790364
46 86 790364
46 91 790364
46 96 790364
51 1 790056
51 6 790126
51 11 790161
51 16 790252
51 21 790231
51 26 790315
51 31 790308
51 36 790364
51 41 790350
51 46 790385
51 51 790399
51 56 790399
51 61 790406
51 66 790399
51 71 790399
51 76 790399
51 81 790413
51 86 790413
51 91 790399
51 96 790399
56 1 790056
56 6 790112
56 11 790168
56 16 790231
56 21 790259
56 26 790308
56 31 790329
56 36 790364
56 41 790364
56 46 790448
56 51 790406
56 56 790434
56 61 790441
56 66 790441
56 71 790434
56 76 790448
56 81 790434
56 86 790434
56 91 790441
56 96 790434
61 1 790056
61 6 790126
61 11 790168
61 16 790217
61 21 790287
61 26 790294
61 31 790343
61 36 790357
61 41 790392
61 46 790427
61 51 790441
61 56 790483
61 61 790469
61 66 790483
61 71 790469
61 76 790483
61 81 790476
61 86 790483
61 91 790469
61 96 790469
66 1 790056
66 6 790119
66 11 790168
66 16 790245
66 21 790259
66 26 790294
66 31 790336
66 36 790364
66 41 790420
66 46 790448
66 51 790462
66 56 790483
66 61 790490
66 66 790511
66 71 790518
66 76 790504
66 81 790504
66 86 790504
66 91 790518
66 96 790504
71 1 790056
71 6 790126
71 11 790182
71 16 790231
71 21 790287
71 26 790301
71 31 790336
71 36 790399
71 41 790420
71 46 790462
71 51 790469
71 56 790511
71 61 790532
71 66 790525
71 71 790546
71 76 790546
71 81 790546
71 86 790553
71 91 790546
71 96 790539
76 1 790056
76 6 790119
76 11 790175
76 16 790245
76 21 790287
76 26 790329
76 31 790350
76 36 790399
76 41 790427
76 46 790448
76 51 790490
76 56 790504
76 61 790560
76 66 790560
76 71 790567
76 76 790574
76 81 790581
76 86 790581
76 91 790574
76 96 790574
81 1 790056
81 6 790126
81 11 790196
81 16 790245
81 21 790287
81 26 790329
81 31 790392
81 36 790392
81 41 790448
81 46 790490
81 51 790511
81 56 790518
81 61 790539
81 66 790539
81 71 790567
81 76 790616
81 81 790609
81 86 790609
81 91 790616
81 96 790609
86 1 790056
86 6 790119
86 11 790175
86 16 790252
86 21 790287
86 26 790329
86 31 790357
86 36 790413
86 41 790455
86 46 790518
86 51 790483
86 56 790567
86 61 790567
86 66 790567
86 71 790602
86 76 790630
86 81 790637
86 86 790651
86 91 790651
86 96 790644
91 1 790056
91 6 790126
91 11 790182
91 16 790231
91 21 790294
91 26 790385
91 31 790406
91 36 790420
91 41 790469
91 46 790455
91 51 790532
91 56 790567
91 61 790602
91 66 790588
91 71 790581
91 76 790644
91 81 790658
91 86 790672
91 91 790686
91 96 790679
96 1 790056
96 6 790126
96 11 790189
96 16 790245
96 21 790266
96 26 790315
96 31 790385
96 36 790434
96 41 790476
96 46 790511
96 51 790532
96 56 790574
96 61 790616
96 66 790616
96 71 790651
96 76 790672
96 81 790672
96 86 790707
96 91 790700
96 96 790728
