 0 48 43 
 0 48 43 
 1 8 89 
 0 48 43 
 1 8 89 
 2 89 91 
 0 48 43 
 1 8 89 
 2 89 91 
 3 25 24 
 0 48 43 
 1 8 89 
 2 89 91 
 3 25 24 
 4 94 37 
 0 48 43 
 1 8 89 
 2 89 91 
 3 25 24 
 4 94 37 
 5 92 2 
 0 48 43 
 1 8 89 
 2 89 91 
 3 25 24 
 4 94 37 
 5 92 2 
 6 43 68 
 0 48 43 
 1 8 89 
 2 89 91 
 3 25 24 
 4 94 37 
 5 92 2 
 6 43 68 
 7 69 31 
 0 48 43 
 1 8 89 
 2 89 91 
 3 25 24 
 4 94 37 
 5 92 2 
 6 43 68 
 7 69 31 
 8 88 13 
 0 48 43 
 1 8 89 
 2 89 91 
 3 25 24 
 4 94 37 
 5 92 2 
 6 43 68 
 7 69 31 
 8 88 13 
 9 24 4 
 0 48 43 
 1 8 89 
 2 89 91 
 3 25 24 
 4 94 37 
 5 92 2 
 6 43 68 
 7 69 31 
 8 88 13 
 9 24 4 
 10 16 68 
 0 48 43 
 1 8 89 
 2 89 91 
 3 25 24 
 4 94 37 
 5 92 2 
 6 43 68 
 7 69 31 
 8 88 13 
 9 24 4 
 10 16 68 
 11 46 60 
 0 48 43 
 1 8 89 
 2 89 91 
 3 25 24 
 4 94 37 
 5 92 2 
 6 43 68 
 7 69 31 
 8 88 13 
 9 24 4 
 10 16 68 
 11 46 60 
 12 1 25 
 0 48 43 
 1 8 89 
 2 89 91 
 3 25 24 
 4 94 37 
 5 92 2 
 6 43 68 
 7 69 31 
 8 88 13 
 9 24 4 
 10 16 68 
 11 46 60 
 12 1 25 
 13 1 73 
 0 48 43 
 1 8 89 
 2 89 91 
 3 25 24 
 4 94 37 
 5 92 2 
 6 43 68 
 7 69 31 
 8 88 13 
 9 24 4 
 10 16 68 
 11 46 60 
 12 1 25 
 13 1 73 
 14 60 69 
 0 48 43 
 1 8 89 
 2 89 91 
 3 25 24 
 4 94 37 
 5 92 2 
 6 43 68 
 7 69 31 
 8 88 13 
 9 24 4 
 10 16 68 
 11 46 60 
 12 1 25 
 13 1 73 
 14 60 69 
 15 79 75 
 0 48 43 
 1 8 89 
 2 89 91 
 3 25 24 
 4 94 37 
 5 92 2 
 6 43 68 
 7 69 31 
 8 88 13 
 9 24 4 
 10 16 68 
 11 46 60 
 12 1 25 
 13 1 73 
 14 60 69 
 15 79 75 
 16 17 86 
 0 48 43 
 1 8 89 
 2 89 91 
 3 25 24 
 4 94 37 
 5 92 2 
 6 43 68 
 7 69 31 
 8 88 13 
 9 24 4 
 10 16 68 
 11 46 60 
 12 1 25 
 13 1 73 
 14 60 69 
 15 79 75 
 16 17 86 
 17 69 73 
 0 48 43 
 1 8 89 
 2 89 91 
 3 25 24 
 4 94 37 
 5 92 2 
 6 43 68 
 7 69 31 
 8 88 13 
 9 24 4 
 10 16 68 
 11 46 60 
 12 1 25 
 13 1 73 
 14 60 69 
 15 79 75 
 16 17 86 
 17 69 73 
 18 82 60 
 0 48 43 
 1 8 89 
 2 89 91 
 3 25 24 
 4 94 37 
 5 92 2 
 6 43 68 
 7 69 31 
 8 88 13 
 9 24 4 
 10 16 68 
 11 46 60 
 12 1 25 
 13 1 73 
 14 60 69 
 15 79 75 
 16 17 86 
 17 69 73 
 18 82 60 
 19 2 46 
 0 48 43 
 1 8 89 
 2 89 91 
 3 25 24 
 4 94 37 
 5 92 2 
 6 43 68 
 7 69 31 
 8 88 13 
 9 24 4 
 10 16 68 
 11 46 60 
 12 1 25 
 13 1 73 
 14 60 69 
 15 79 75 
 16 17 86 
 17 69 73 
 18 82 60 
 19 2 46 
 20 2 61 
 0 48 43 
 1 8 89 
 2 89 91 
 3 25 24 
 4 94 37 
 5 92 2 
 6 43 68 
 7 69 31 
 8 88 13 
 9 24 4 
 10 16 68 
 11 46 60 
 12 1 25 
 13 1 73 
 14 60 69 
 15 79 75 
 16 17 86 
 17 69 73 
 18 82 60 
 19 2 46 
 20 2 61 
 21 17 11 
 0 48 43 
 1 8 89 
 2 89 91 
 3 25 24 
 4 94 37 
 5 92 2 
 6 43 68 
 7 69 31 
 8 88 13 
 9 24 4 
 10 16 68 
 11 46 60 
 12 1 25 
 13 1 73 
 14 60 69 
 15 79 75 
 16 17 86 
 17 69 73 
 18 82 60 
 19 2 46 
 20 2 61 
 21 17 11 
 22 34 84 
 0 48 43 
 1 8 89 
 2 89 91 
 3 25 24 
 4 94 37 
 5 92 2 
 6 43 68 
 7 69 31 
 8 88 13 
 9 24 4 
 10 16 68 
 11 46 60 
 12 1 25 
 13 1 73 
 14 60 69 
 15 79 75 
 16 17 86 
 17 69 73 
 18 82 60 
 19 2 46 
 20 2 61 
 21 17 11 
 22 34 84 
 23 11 88 
 0 48 43 
 1 8 89 
 2 89 91 
 3 25 24 
 4 94 37 
 5 92 2 
 6 43 68 
 7 69 31 
 8 88 13 
 9 24 4 
 10 16 68 
 11 46 60 
 12 1 25 
 13 1 73 
 14 60 69 
 15 79 75 
 16 17 86 
 17 69 73 
 18 82 60 
 19 2 46 
 20 2 61 
 21 17 11 
 22 34 84 
 23 11 88 
 24 3 2 
 0 48 43 
 1 8 89 
 2 89 91 
 3 25 24 
 4 94 37 
 5 92 2 
 6 43 68 
 7 69 31 
 8 88 13 
 9 24 4 
 10 16 68 
 11 46 60 
 12 1 25 
 13 1 73 
 14 60 69 
 15 79 75 
 16 17 86 
 17 69 73 
 18 82 60 
 19 2 46 
 20 2 61 
 21 17 11 
 22 34 84 
 23 11 88 
 24 3 2 
 25 93 17 
 0 48 43 
 1 8 89 
 2 89 91 
 3 25 24 
 4 94 37 
 5 92 2 
 6 43 68 
 7 69 31 
 8 88 13 
 9 24 4 
 10 16 68 
 11 46 60 
 12 1 25 
 13 1 73 
 14 60 69 
 15 79 75 
 16 17 86 
 17 69 73 
 18 82 60 
 19 2 46 
 20 2 61 
 21 17 11 
 22 34 84 
 23 11 88 
 24 3 2 
 25 93 17 
 26 71 9 
 0 48 43 
 1 8 89 
 2 89 91 
 3 25 24 
 4 94 37 
 5 92 2 
 6 43 68 
 7 69 31 
 8 88 13 
 9 24 4 
 10 16 68 
 11 46 60 
 12 1 25 
 13 1 73 
 14 60 69 
 15 79 75 
 16 17 86 
 17 69 73 
 18 82 60 
 19 2 46 
 20 2 61 
 21 17 11 
 22 34 84 
 23 11 88 
 24 3 2 
 25 93 17 
 26 71 9 
 27 78 39 
 0 48 43 
 1 8 89 
 2 89 91 
 3 25 24 
 4 94 37 
 5 92 2 
 6 43 68 
 7 69 31 
 8 88 13 
 9 24 4 
 10 16 68 
 11 46 60 
 12 1 25 
 13 1 73 
 14 60 69 
 15 79 75 
 16 17 86 
 17 69 73 
 18 82 60 
 19 2 46 
 20 2 61 
 21 17 11 
 22 34 84 
 23 11 88 
 24 3 2 
 25 93 17 
 26 71 9 
 27 78 39 
 28 35 46 
 0 48 43 
 1 8 89 
 2 89 91 
 3 25 24 
 4 94 37 
 5 92 2 
 6 43 68 
 7 69 31 
 8 88 13 
 9 24 4 
 10 16 68 
 11 46 60 
 12 1 25 
 13 1 73 
 14 60 69 
 15 79 75 
 16 17 86 
 17 69 73 
 18 82 60 
 19 2 46 
 20 2 61 
 21 17 11 
 22 34 84 
 23 11 88 
 24 3 2 
 25 93 17 
 26 71 9 
 27 78 39 
 28 35 46 
 29 81 62 
 0 48 43 
 1 8 89 
 2 89 91 
 3 25 24 
 4 94 37 
 5 92 2 
 6 43 68 
 7 69 31 
 8 88 13 
 9 24 4 
 10 16 68 
 11 46 60 
 12 1 25 
 13 1 73 
 14 60 69 
 15 79 75 
 16 17 86 
 17 69 73 
 18 82 60 
 19 2 46 
 20 2 61 
 21 17 11 
 22 34 84 
 23 11 88 
 24 3 2 
 25 93 17 
 26 71 9 
 27 78 39 
 28 35 46 
 29 81 62 
 30 20 63 
 0 48 43 
 1 8 89 
 2 89 91 
 3 25 24 
 4 94 37 
 5 92 2 
 6 43 68 
 7 69 31 
 8 88 13 
 9 24 4 
 10 16 68 
 11 46 60 
 12 1 25 
 13 1 73 
 14 60 69 
 15 79 75 
 16 17 86 
 17 69 73 
 18 82 60 
 19 2 46 
 20 2 61 
 21 17 11 
 22 34 84 
 23 11 88 
 24 3 2 
 25 93 17 
 26 71 9 
 27 78 39 
 28 35 46 
 29 81 62 
 30 20 63 
 31 42 3 
 0 48 43 
 1 8 89 
 2 89 91 
 3 25 24 
 4 94 37 
 5 92 2 
 6 43 68 
 7 69 31 
 8 88 13 
 9 24 4 
 10 16 68 
 11 46 60 
 12 1 25 
 13 1 73 
 14 60 69 
 15 79 75 
 16 17 86 
 17 69 73 
 18 82 60 
 19 2 46 
 20 2 61 
 21 17 11 
 22 34 84 
 23 11 88 
 24 3 2 
 25 93 17 
 26 71 9 
 27 78 39 
 28 35 46 
 29 81 62 
 30 20 63 
 31 42 3 
 32 54 13 
 0 48 43 
 1 8 89 
 2 89 91 
 3 25 24 
 4 94 37 
 5 92 2 
 6 43 68 
 7 69 31 
 8 88 13 
 9 24 4 
 10 16 68 
 11 46 60 
 12 1 25 
 13 1 73 
 14 60 69 
 15 79 75 
 16 17 86 
 17 69 73 
 18 82 60 
 19 2 46 
 20 2 61 
 21 17 11 
 22 34 84 
 23 11 88 
 24 3 2 
 25 93 17 
 26 71 9 
 27 78 39 
 28 35 46 
 29 81 62 
 30 20 63 
 31 42 3 
 32 54 13 
 33 77 6 
 0 48 43 
 1 8 89 
 2 89 91 
 3 25 24 
 4 94 37 
 5 92 2 
 6 43 68 
 7 69 31 
 8 88 13 
 9 24 4 
 10 16 68 
 11 46 60 
 12 1 25 
 13 1 73 
 14 60 69 
 15 79 75 
 16 17 86 
 17 69 73 
 18 82 60 
 19 2 46 
 20 2 61 
 21 17 11 
 22 34 84 
 23 11 88 
 24 3 2 
 25 93 17 
 26 71 9 
 27 78 39 
 28 35 46 
 29 81 62 
 30 20 63 
 31 42 3 
 32 54 13 
 33 77 6 
 34 74 46 
 0 48 43 
 1 8 89 
 2 89 91 
 3 25 24 
 4 94 37 
 5 92 2 
 6 43 68 
 7 69 31 
 8 88 13 
 9 24 4 
 10 16 68 
 11 46 60 
 12 1 25 
 13 1 73 
 14 60 69 
 15 79 75 
 16 17 86 
 17 69 73 
 18 82 60 
 19 2 46 
 20 2 61 
 21 17 11 
 22 34 84 
 23 11 88 
 24 3 2 
 25 93 17 
 26 71 9 
 27 78 39 
 28 35 46 
 29 81 62 
 30 20 63 
 31 42 3 
 32 54 13 
 33 77 6 
 34 74 46 
 35 21 43 
 0 48 43 
 1 8 89 
 2 89 91 
 3 25 24 
 4 94 37 
 5 92 2 
 6 43 68 
 7 69 31 
 8 88 13 
 9 24 4 
 10 16 68 
 11 46 60 
 12 1 25 
 13 1 73 
 14 60 69 
 15 79 75 
 16 17 86 
 17 69 73 
 18 82 60 
 19 2 46 
 20 2 61 
 21 17 11 
 22 34 84 
 23 11 88 
 24 3 2 
 25 93 17 
 26 71 9 
 27 78 39 
 28 35 46 
 29 81 62 
 30 20 63 
 31 42 3 
 32 54 13 
 33 77 6 
 34 74 46 
 35 21 43 
 36 12 5 
 0 48 43 
 1 8 89 
 2 89 91 
 3 25 24 
 4 94 37 
 5 92 2 
 6 43 68 
 7 69 31 
 8 88 13 
 9 24 4 
 10 16 68 
 11 46 60 
 12 1 25 
 13 1 73 
 14 60 69 
 15 79 75 
 16 17 86 
 17 69 73 
 18 82 60 
 19 2 46 
 20 2 61 
 21 17 11 
 22 34 84 
 23 11 88 
 24 3 2 
 25 93 17 
 26 71 9 
 27 78 39 
 28 35 46 
 29 81 62 
 30 20 63 
 31 42 3 
 32 54 13 
 33 77 6 
 34 74 46 
 35 21 43 
 36 12 5 
 37 55 12 
 0 48 43 
 1 8 89 
 2 89 91 
 3 25 24 
 4 94 37 
 5 92 2 
 6 43 68 
 7 69 31 
 8 88 13 
 9 24 4 
 10 16 68 
 11 46 60 
 12 1 25 
 13 1 73 
 14 60 69 
 15 79 75 
 16 17 86 
 17 69 73 
 18 82 60 
 19 2 46 
 20 2 61 
 21 17 11 
 22 34 84 
 23 11 88 
 24 3 2 
 25 93 17 
 26 71 9 
 27 78 39 
 28 35 46 
 29 81 62 
 30 20 63 
 31 42 3 
 32 54 13 
 33 77 6 
 34 74 46 
 35 21 43 
 36 12 5 
 37 55 12 
 38 90 33 
 0 48 43 
 1 8 89 
 2 89 91 
 3 25 24 
 4 94 37 
 5 92 2 
 6 43 68 
 7 69 31 
 8 88 13 
 9 24 4 
 10 16 68 
 11 46 60 
 12 1 25 
 13 1 73 
 14 60 69 
 15 79 75 
 16 17 86 
 17 69 73 
 18 82 60 
 19 2 46 
 20 2 61 
 21 17 11 
 22 34 84 
 23 11 88 
 24 3 2 
 25 93 17 
 26 71 9 
 27 78 39 
 28 35 46 
 29 81 62 
 30 20 63 
 31 42 3 
 32 54 13 
 33 77 6 
 34 74 46 
 35 21 43 
 36 12 5 
 37 55 12 
 38 90 33 
 39 5 59 
 0 48 43 
 1 8 89 
 2 89 91 
 3 25 24 
 4 94 37 
 5 92 2 
 6 43 68 
 7 69 31 
 8 88 13 
 9 24 4 
 10 16 68 
 11 46 60 
 12 1 25 
 13 1 73 
 14 60 69 
 15 79 75 
 16 17 86 
 17 69 73 
 18 82 60 
 19 2 46 
 20 2 61 
 21 17 11 
 22 34 84 
 23 11 88 
 24 3 2 
 25 93 17 
 26 71 9 
 27 78 39 
 28 35 46 
 29 81 62 
 30 20 63 
 31 42 3 
 32 54 13 
 33 77 6 
 34 74 46 
 35 21 43 
 36 12 5 
 37 55 12 
 38 90 33 
 39 5 59 
 40 36 0 
 0 48 43 
 1 8 89 
 2 89 91 
 3 25 24 
 4 94 37 
 5 92 2 
 6 43 68 
 7 69 31 
 8 88 13 
 9 24 4 
 10 16 68 
 11 46 60 
 12 1 25 
 13 1 73 
 14 60 69 
 15 79 75 
 16 17 86 
 17 69 73 
 18 82 60 
 19 2 46 
 20 2 61 
 21 17 11 
 22 34 84 
 23 11 88 
 24 3 2 
 25 93 17 
 26 71 9 
 27 78 39 
 28 35 46 
 29 81 62 
 30 20 63 
 31 42 3 
 32 54 13 
 33 77 6 
 34 74 46 
 35 21 43 
 36 12 5 
 37 55 12 
 38 90 33 
 39 5 59 
 40 36 0 
 41 78 9 
 0 48 43 
 1 8 89 
 2 89 91 
 3 25 24 
 4 94 37 
 5 92 2 
 6 43 68 
 7 69 31 
 8 88 13 
 9 24 4 
 10 16 68 
 11 46 60 
 12 1 25 
 13 1 73 
 14 60 69 
 15 79 75 
 16 17 86 
 17 69 73 
 18 82 60 
 19 2 46 
 20 2 61 
 21 17 11 
 22 34 84 
 23 11 88 
 24 3 2 
 25 93 17 
 26 71 9 
 27 78 39 
 28 35 46 
 29 81 62 
 30 20 63 
 31 42 3 
 32 54 13 
 33 77 6 
 34 74 46 
 35 21 43 
 36 12 5 
 37 55 12 
 38 90 33 
 39 5 59 
 40 36 0 
 41 78 9 
 42 10 26 
 0 48 43 
 1 8 89 
 2 89 91 
 3 25 24 
 4 94 37 
 5 92 2 
 6 43 68 
 7 69 31 
 8 88 13 
 9 24 4 
 10 16 68 
 11 46 60 
 12 1 25 
 13 1 73 
 14 60 69 
 15 79 75 
 16 17 86 
 17 69 73 
 18 82 60 
 19 2 46 
 20 2 61 
 21 17 11 
 22 34 84 
 23 11 88 
 24 3 2 
 25 93 17 
 26 71 9 
 27 78 39 
 28 35 46 
 29 81 62 
 30 20 63 
 31 42 3 
 32 54 13 
 33 77 6 
 34 74 46 
 35 21 43 
 36 12 5 
 37 55 12 
 38 90 33 
 39 5 59 
 40 36 0 
 41 78 9 
 42 10 26 
 43 17 12 
 0 48 43 
 1 8 89 
 2 89 91 
 3 25 24 
 4 94 37 
 5 92 2 
 6 43 68 
 7 69 31 
 8 88 13 
 9 24 4 
 10 16 68 
 11 46 60 
 12 1 25 
 13 1 73 
 14 60 69 
 15 79 75 
 16 17 86 
 17 69 73 
 18 82 60 
 19 2 46 
 20 2 61 
 21 17 11 
 22 34 84 
 23 11 88 
 24 3 2 
 25 93 17 
 26 71 9 
 27 78 39 
 28 35 46 
 29 81 62 
 30 20 63 
 31 42 3 
 32 54 13 
 33 77 6 
 34 74 46 
 35 21 43 
 36 12 5 
 37 55 12 
 38 90 33 
 39 5 59 
 40 36 0 
 41 78 9 
 42 10 26 
 43 17 12 
 44 41 1 
 0 48 43 
 1 8 89 
 2 89 91 
 3 25 24 
 4 94 37 
 5 92 2 
 6 43 68 
 7 69 31 
 8 88 13 
 9 24 4 
 10 16 68 
 11 46 60 
 12 1 25 
 13 1 73 
 14 60 69 
 15 79 75 
 16 17 86 
 17 69 73 
 18 82 60 
 19 2 46 
 20 2 61 
 21 17 11 
 22 34 84 
 23 11 88 
 24 3 2 
 25 93 17 
 26 71 9 
 27 78 39 
 28 35 46 
 29 81 62 
 30 20 63 
 31 42 3 
 32 54 13 
 33 77 6 
 34 74 46 
 35 21 43 
 36 12 5 
 37 55 12 
 38 90 33 
 39 5 59 
 40 36 0 
 41 78 9 
 42 10 26 
 43 17 12 
 44 41 1 
 45 75 27 
 0 48 43 
 1 8 89 
 2 89 91 
 3 25 24 
 4 94 37 
 5 92 2 
 6 43 68 
 7 69 31 
 8 88 13 
 9 24 4 
 10 16 68 
 11 46 60 
 12 1 25 
 13 1 73 
 14 60 69 
 15 79 75 
 16 17 86 
 17 69 73 
 18 82 60 
 19 2 46 
 20 2 61 
 21 17 11 
 22 34 84 
 23 11 88 
 24 3 2 
 25 93 17 
 26 71 9 
 27 78 39 
 28 35 46 
 29 81 62 
 30 20 63 
 31 42 3 
 32 54 13 
 33 77 6 
 34 74 46 
 35 21 43 
 36 12 5 
 37 55 12 
 38 90 33 
 39 5 59 
 40 36 0 
 41 78 9 
 42 10 26 
 43 17 12 
 44 41 1 
 45 75 27 
 46 33 19 
 0 48 43 
 1 8 89 
 2 89 91 
 3 25 24 
 4 94 37 
 5 92 2 
 6 43 68 
 7 69 31 
 8 88 13 
 9 24 4 
 10 16 68 
 11 46 60 
 12 1 25 
 13 1 73 
 14 60 69 
 15 79 75 
 16 17 86 
 17 69 73 
 18 82 60 
 19 2 46 
 20 2 61 
 21 17 11 
 22 34 84 
 23 11 88 
 24 3 2 
 25 93 17 
 26 71 9 
 27 78 39 
 28 35 46 
 29 81 62 
 30 20 63 
 31 42 3 
 32 54 13 
 33 77 6 
 34 74 46 
 35 21 43 
 36 12 5 
 37 55 12 
 38 90 33 
 39 5 59 
 40 36 0 
 41 78 9 
 42 10 26 
 43 17 12 
 44 41 1 
 45 75 27 
 46 33 19 
 47 32 53 
 0 48 43 
 1 8 89 
 2 89 91 
 3 25 24 
 4 94 37 
 5 92 2 
 6 43 68 
 7 69 31 
 8 88 13 
 9 24 4 
 10 16 68 
 11 46 60 
 12 1 25 
 13 1 73 
 14 60 69 
 15 79 75 
 16 17 86 
 17 69 73 
 18 82 60 
 19 2 46 
 20 2 61 
 21 17 11 
 22 34 84 
 23 11 88 
 24 3 2 
 25 93 17 
 26 71 9 
 27 78 39 
 28 35 46 
 29 81 62 
 30 20 63 
 31 42 3 
 32 54 13 
 33 77 6 
 34 74 46 
 35 21 43 
 36 12 5 
 37 55 12 
 38 90 33 
 39 5 59 
 40 36 0 
 41 78 9 
 42 10 26 
 43 17 12 
 44 41 1 
 45 75 27 
 46 33 19 
 47 32 53 
 48 1 75 
 0 48 43 
 1 8 89 
 2 89 91 
 3 25 24 
 4 94 37 
 5 92 2 
 6 43 68 
 7 69 31 
 8 88 13 
 9 24 4 
 10 16 68 
 11 46 60 
 12 1 25 
 13 1 73 
 14 60 69 
 15 79 75 
 16 17 86 
 17 69 73 
 18 82 60 
 19 2 46 
 20 2 61 
 21 17 11 
 22 34 84 
 23 11 88 
 24 3 2 
 25 93 17 
 26 71 9 
 27 78 39 
 28 35 46 
 29 81 62 
 30 20 63 
 31 42 3 
 32 54 13 
 33 77 6 
 34 74 46 
 35 21 43 
 36 12 5 
 37 55 12 
 38 90 33 
 39 5 59 
 40 36 0 
 41 78 9 
 42 10 26 
 43 17 12 
 44 41 1 
 45 75 27 
 46 33 19 
 47 32 53 
 48 1 75 
 49 60 41 
 0 48 43 
 1 8 89 
 2 89 91 
 3 25 24 
 4 94 37 
 5 92 2 
 6 43 68 
 7 69 31 
 8 88 13 
 9 24 4 
 10 16 68 
 11 46 60 
 12 1 25 
 13 1 73 
 14 60 69 
 15 79 75 
 16 17 86 
 17 69 73 
 18 82 60 
 19 2 46 
 20 2 61 
 21 17 11 
 22 34 84 
 23 11 88 
 24 3 2 
 25 93 17 
 26 71 9 
 27 78 39 
 28 35 46 
 29 81 62 
 30 20 63 
 31 42 3 
 32 54 13 
 33 77 6 
 34 74 46 
 35 21 43 
 36 12 5 
 37 55 12 
 38 90 33 
 39 5 59 
 40 36 0 
 41 78 9 
 42 10 26 
 43 17 12 
 44 41 1 
 45 75 27 
 46 33 19 
 47 32 53 
 48 1 75 
 49 60 41 
 50 26 47 
 0 48 43 
 1 8 89 
 2 89 91 
 3 25 24 
 4 94 37 
 5 92 2 
 6 43 68 
 7 69 31 
 8 88 13 
 9 24 4 
 10 16 68 
 11 46 60 
 12 1 25 
 13 1 73 
 14 60 69 
 15 79 75 
 16 17 86 
 17 69 73 
 18 82 60 
 19 2 46 
 20 2 61 
 21 17 11 
 22 34 84 
 23 11 88 
 24 3 2 
 25 93 17 
 26 71 9 
 27 78 39 
 28 35 46 
 29 81 62 
 30 20 63 
 31 42 3 
 32 54 13 
 33 77 6 
 34 74 46 
 35 21 43 
 36 12 5 
 37 55 12 
 38 90 33 
 39 5 59 
 40 36 0 
 41 78 9 
 42 10 26 
 43 17 12 
 44 41 1 
 45 75 27 
 46 33 19 
 47 32 53 
 48 1 75 
 49 60 41 
 50 26 47 
 51 85 4 
 0 48 43 
 1 8 89 
 2 89 91 
 3 25 24 
 4 94 37 
 5 92 2 
 6 43 68 
 7 69 31 
 8 88 13 
 9 24 4 
 10 16 68 
 11 46 60 
 12 1 25 
 13 1 73 
 14 60 69 
 15 79 75 
 16 17 86 
 17 69 73 
 18 82 60 
 19 2 46 
 20 2 61 
 21 17 11 
 22 34 84 
 23 11 88 
 24 3 2 
 25 93 17 
 26 71 9 
 27 78 39 
 28 35 46 
 29 81 62 
 30 20 63 
 31 42 3 
 32 54 13 
 33 77 6 
 34 74 46 
 35 21 43 
 36 12 5 
 37 55 12 
 38 90 33 
 39 5 59 
 40 36 0 
 41 78 9 
 42 10 26 
 43 17 12 
 44 41 1 
 45 75 27 
 46 33 19 
 47 32 53 
 48 1 75 
 49 60 41 
 50 26 47 
 51 85 4 
 52 53 11 
 0 48 43 
 1 8 89 
 2 89 91 
 3 25 24 
 4 94 37 
 5 92 2 
 6 43 68 
 7 69 31 
 8 88 13 
 9 24 4 
 10 16 68 
 11 46 60 
 12 1 25 
 13 1 73 
 14 60 69 
 15 79 75 
 16 17 86 
 17 69 73 
 18 82 60 
 19 2 46 
 20 2 61 
 21 17 11 
 22 34 84 
 23 11 88 
 24 3 2 
 25 93 17 
 26 71 9 
 27 78 39 
 28 35 46 
 29 81 62 
 30 20 63 
 31 42 3 
 32 54 13 
 33 77 6 
 34 74 46 
 35 21 43 
 36 12 5 
 37 55 12 
 38 90 33 
 39 5 59 
 40 36 0 
 41 78 9 
 42 10 26 
 43 17 12 
 44 41 1 
 45 75 27 
 46 33 19 
 47 32 53 
 48 1 75 
 49 60 41 
 50 26 47 
 51 85 4 
 52 53 11 
 53 17 14 
 0 48 43 
 1 8 89 
 2 89 91 
 3 25 24 
 4 94 37 
 5 92 2 
 6 43 68 
 7 69 31 
 8 88 13 
 9 24 4 
 10 16 68 
 11 46 60 
 12 1 25 
 13 1 73 
 14 60 69 
 15 79 75 
 16 17 86 
 17 69 73 
 18 82 60 
 19 2 46 
 20 2 61 
 21 17 11 
 22 34 84 
 23 11 88 
 24 3 2 
 25 93 17 
 26 71 9 
 27 78 39 
 28 35 46 
 29 81 62 
 30 20 63 
 31 42 3 
 32 54 13 
 33 77 6 
 34 74 46 
 35 21 43 
 36 12 5 
 37 55 12 
 38 90 33 
 39 5 59 
 40 36 0 
 41 78 9 
 42 10 26 
 43 17 12 
 44 41 1 
 45 75 27 
 46 33 19 
 47 32 53 
 48 1 75 
 49 60 41 
 50 26 47 
 51 85 4 
 52 53 11 
 53 17 14 
 54 45 84 
 0 48 43 
 1 8 89 
 2 89 91 
 3 25 24 
 4 94 37 
 5 92 2 
 6 43 68 
 7 69 31 
 8 88 13 
 9 24 4 
 10 16 68 
 11 46 60 
 12 1 25 
 13 1 73 
 14 60 69 
 15 79 75 
 16 17 86 
 17 69 73 
 18 82 60 
 19 2 46 
 20 2 61 
 21 17 11 
 22 34 84 
 23 11 88 
 24 3 2 
 25 93 17 
 26 71 9 
 27 78 39 
 28 35 46 
 29 81 62 
 30 20 63 
 31 42 3 
 32 54 13 
 33 77 6 
 34 74 46 
 35 21 43 
 36 12 5 
 37 55 12 
 38 90 33 
 39 5 59 
 40 36 0 
 41 78 9 
 42 10 26 
 43 17 12 
 44 41 1 
 45 75 27 
 46 33 19 
 47 32 53 
 48 1 75 
 49 60 41 
 50 26 47 
 51 85 4 
 52 53 11 
 53 17 14 
 54 45 84 
 55 74 79 
 0 48 43 
 1 8 89 
 2 89 91 
 3 25 24 
 4 94 37 
 5 92 2 
 6 43 68 
 7 69 31 
 8 88 13 
 9 24 4 
 10 16 68 
 11 46 60 
 12 1 25 
 13 1 73 
 14 60 69 
 15 79 75 
 16 17 86 
 17 69 73 
 18 82 60 
 19 2 46 
 20 2 61 
 21 17 11 
 22 34 84 
 23 11 88 
 24 3 2 
 25 93 17 
 26 71 9 
 27 78 39 
 28 35 46 
 29 81 62 
 30 20 63 
 31 42 3 
 32 54 13 
 33 77 6 
 34 74 46 
 35 21 43 
 36 12 5 
 37 55 12 
 38 90 33 
 39 5 59 
 40 36 0 
 41 78 9 
 42 10 26 
 43 17 12 
 44 41 1 
 45 75 27 
 46 33 19 
 47 32 53 
 48 1 75 
 49 60 41 
 50 26 47 
 51 85 4 
 52 53 11 
 53 17 14 
 54 45 84 
 55 74 79 
 56 85 22 
 0 48 43 
 1 8 89 
 2 89 91 
 3 25 24 
 4 94 37 
 5 92 2 
 6 43 68 
 7 69 31 
 8 88 13 
 9 24 4 
 10 16 68 
 11 46 60 
 12 1 25 
 13 1 73 
 14 60 69 
 15 79 75 
 16 17 86 
 17 69 73 
 18 82 60 
 19 2 46 
 20 2 61 
 21 17 11 
 22 34 84 
 23 11 88 
 24 3 2 
 25 93 17 
 26 71 9 
 27 78 39 
 28 35 46 
 29 81 62 
 30 20 63 
 31 42 3 
 32 54 13 
 33 77 6 
 34 74 46 
 35 21 43 
 36 12 5 
 37 55 12 
 38 90 33 
 39 5 59 
 40 36 0 
 41 78 9 
 42 10 26 
 43 17 12 
 44 41 1 
 45 75 27 
 46 33 19 
 47 32 53 
 48 1 75 
 49 60 41 
 50 26 47 
 51 85 4 
 52 53 11 
 53 17 14 
 54 45 84 
 55 74 79 
 56 85 22 
 57 57 62 
 0 48 43 
 1 8 89 
 2 89 91 
 3 25 24 
 4 94 37 
 5 92 2 
 6 43 68 
 7 69 31 
 8 88 13 
 9 24 4 
 10 16 68 
 11 46 60 
 12 1 25 
 13 1 73 
 14 60 69 
 15 79 75 
 16 17 86 
 17 69 73 
 18 82 60 
 19 2 46 
 20 2 61 
 21 17 11 
 22 34 84 
 23 11 88 
 24 3 2 
 25 93 17 
 26 71 9 
 27 78 39 
 28 35 46 
 29 81 62 
 30 20 63 
 31 42 3 
 32 54 13 
 33 77 6 
 34 74 46 
 35 21 43 
 36 12 5 
 37 55 12 
 38 90 33 
 39 5 59 
 40 36 0 
 41 78 9 
 42 10 26 
 43 17 12 
 44 41 1 
 45 75 27 
 46 33 19 
 47 32 53 
 48 1 75 
 49 60 41 
 50 26 47 
 51 85 4 
 52 53 11 
 53 17 14 
 54 45 84 
 55 74 79 
 56 85 22 
 57 57 62 
 58 50 41 
 0 48 43 
 1 8 89 
 2 89 91 
 3 25 24 
 4 94 37 
 5 92 2 
 6 43 68 
 7 69 31 
 8 88 13 
 9 24 4 
 10 16 68 
 11 46 60 
 12 1 25 
 13 1 73 
 14 60 69 
 15 79 75 
 16 17 86 
 17 69 73 
 18 82 60 
 19 2 46 
 20 2 61 
 21 17 11 
 22 34 84 
 23 11 88 
 24 3 2 
 25 93 17 
 26 71 9 
 27 78 39 
 28 35 46 
 29 81 62 
 30 20 63 
 31 42 3 
 32 54 13 
 33 77 6 
 34 74 46 
 35 21 43 
 36 12 5 
 37 55 12 
 38 90 33 
 39 5 59 
 40 36 0 
 41 78 9 
 42 10 26 
 43 17 12 
 44 41 1 
 45 75 27 
 46 33 19 
 47 32 53 
 48 1 75 
 49 60 41 
 50 26 47 
 51 85 4 
 52 53 11 
 53 17 14 
 54 45 84 
 55 74 79 
 56 85 22 
 57 57 62 
 58 50 41 
 59 75 57 
 0 48 43 
 1 8 89 
 2 89 91 
 3 25 24 
 4 94 37 
 5 92 2 
 6 43 68 
 7 69 31 
 8 88 13 
 9 24 4 
 10 16 68 
 11 46 60 
 12 1 25 
 13 1 73 
 14 60 69 
 15 79 75 
 16 17 86 
 17 69 73 
 18 82 60 
 19 2 46 
 20 2 61 
 21 17 11 
 22 34 84 
 23 11 88 
 24 3 2 
 25 93 17 
 26 71 9 
 27 78 39 
 28 35 46 
 29 81 62 
 30 20 63 
 31 42 3 
 32 54 13 
 33 77 6 
 34 74 46 
 35 21 43 
 36 12 5 
 37 55 12 
 38 90 33 
 39 5 59 
 40 36 0 
 41 78 9 
 42 10 26 
 43 17 12 
 44 41 1 
 45 75 27 
 46 33 19 
 47 32 53 
 48 1 75 
 49 60 41 
 50 26 47 
 51 85 4 
 52 53 11 
 53 17 14 
 54 45 84 
 55 74 79 
 56 85 22 
 57 57 62 
 58 50 41 
 59 75 57 
 60 43 52 
 0 48 43 
 1 8 89 
 2 89 91 
 3 25 24 
 4 94 37 
 5 92 2 
 6 43 68 
 7 69 31 
 8 88 13 
 9 24 4 
 10 16 68 
 11 46 60 
 12 1 25 
 13 1 73 
 14 60 69 
 15 79 75 
 16 17 86 
 17 69 73 
 18 82 60 
 19 2 46 
 20 2 61 
 21 17 11 
 22 34 84 
 23 11 88 
 24 3 2 
 25 93 17 
 26 71 9 
 27 78 39 
 28 35 46 
 29 81 62 
 30 20 63 
 31 42 3 
 32 54 13 
 33 77 6 
 34 74 46 
 35 21 43 
 36 12 5 
 37 55 12 
 38 90 33 
 39 5 59 
 40 36 0 
 41 78 9 
 42 10 26 
 43 17 12 
 44 41 1 
 45 75 27 
 46 33 19 
 47 32 53 
 48 1 75 
 49 60 41 
 50 26 47 
 51 85 4 
 52 53 11 
 53 17 14 
 54 45 84 
 55 74 79 
 56 85 22 
 57 57 62 
 58 50 41 
 59 75 57 
 60 43 52 
 61 86 74 
 0 48 43 
 1 8 89 
 2 89 91 
 3 25 24 
 4 94 37 
 5 92 2 
 6 43 68 
 7 69 31 
 8 88 13 
 9 24 4 
 10 16 68 
 11 46 60 
 12 1 25 
 13 1 73 
 14 60 69 
 15 79 75 
 16 17 86 
 17 69 73 
 18 82 60 
 19 2 46 
 20 2 61 
 21 17 11 
 22 34 84 
 23 11 88 
 24 3 2 
 25 93 17 
 26 71 9 
 27 78 39 
 28 35 46 
 29 81 62 
 30 20 63 
 31 42 3 
 32 54 13 
 33 77 6 
 34 74 46 
 35 21 43 
 36 12 5 
 37 55 12 
 38 90 33 
 39 5 59 
 40 36 0 
 41 78 9 
 42 10 26 
 43 17 12 
 44 41 1 
 45 75 27 
 46 33 19 
 47 32 53 
 48 1 75 
 49 60 41 
 50 26 47 
 51 85 4 
 52 53 11 
 53 17 14 
 54 45 84 
 55 74 79 
 56 85 22 
 57 57 62 
 58 50 41 
 59 75 57 
 60 43 52 
 61 86 74 
 62 72 20 
 0 48 43 
 1 8 89 
 2 89 91 
 3 25 24 
 4 94 37 
 5 92 2 
 6 43 68 
 7 69 31 
 8 88 13 
 9 24 4 
 10 16 68 
 11 46 60 
 12 1 25 
 13 1 73 
 14 60 69 
 15 79 75 
 16 17 86 
 17 69 73 
 18 82 60 
 19 2 46 
 20 2 61 
 21 17 11 
 22 34 84 
 23 11 88 
 24 3 2 
 25 93 17 
 26 71 9 
 27 78 39 
 28 35 46 
 29 81 62 
 30 20 63 
 31 42 3 
 32 54 13 
 33 77 6 
 34 74 46 
 35 21 43 
 36 12 5 
 37 55 12 
 38 90 33 
 39 5 59 
 40 36 0 
 41 78 9 
 42 10 26 
 43 17 12 
 44 41 1 
 45 75 27 
 46 33 19 
 47 32 53 
 48 1 75 
 49 60 41 
 50 26 47 
 51 85 4 
 52 53 11 
 53 17 14 
 54 45 84 
 55 74 79 
 56 85 22 
 57 57 62 
 58 50 41 
 59 75 57 
 60 43 52 
 61 86 74 
 62 72 20 
 63 0 71 
 0 48 43 
 1 8 89 
 2 89 91 
 3 25 24 
 4 94 37 
 5 92 2 
 6 43 68 
 7 69 31 
 8 88 13 
 9 24 4 
 10 16 68 
 11 46 60 
 12 1 25 
 13 1 73 
 14 60 69 
 15 79 75 
 16 17 86 
 17 69 73 
 18 82 60 
 19 2 46 
 20 2 61 
 21 17 11 
 22 34 84 
 23 11 88 
 24 3 2 
 25 93 17 
 26 71 9 
 27 78 39 
 28 35 46 
 29 81 62 
 30 20 63 
 31 42 3 
 32 54 13 
 33 77 6 
 34 74 46 
 35 21 43 
 36 12 5 
 37 55 12 
 38 90 33 
 39 5 59 
 40 36 0 
 41 78 9 
 42 10 26 
 43 17 12 
 44 41 1 
 45 75 27 
 46 33 19 
 47 32 53 
 48 1 75 
 49 60 41 
 50 26 47 
 51 85 4 
 52 53 11 
 53 17 14 
 54 45 84 
 55 74 79 
 56 85 22 
 57 57 62 
 58 50 41 
 59 75 57 
 60 43 52 
 61 86 74 
 62 72 20 
 63 0 71 
 64 64 26 
 0 48 43 
 1 8 89 
 2 89 91 
 3 25 24 
 4 94 37 
 5 92 2 
 6 43 68 
 7 69 31 
 8 88 13 
 9 24 4 
 10 16 68 
 11 46 60 
 12 1 25 
 13 1 73 
 14 60 69 
 15 79 75 
 16 17 86 
 17 69 73 
 18 82 60 
 19 2 46 
 20 2 61 
 21 17 11 
 22 34 84 
 23 11 88 
 24 3 2 
 25 93 17 
 26 71 9 
 27 78 39 
 28 35 46 
 29 81 62 
 30 20 63 
 31 42 3 
 32 54 13 
 33 77 6 
 34 74 46 
 35 21 43 
 36 12 5 
 37 55 12 
 38 90 33 
 39 5 59 
 40 36 0 
 41 78 9 
 42 10 26 
 43 17 12 
 44 41 1 
 45 75 27 
 46 33 19 
 47 32 53 
 48 1 75 
 49 60 41 
 50 26 47 
 51 85 4 
 52 53 11 
 53 17 14 
 54 45 84 
 55 74 79 
 56 85 22 
 57 57 62 
 58 50 41 
 59 75 57 
 60 43 52 
 61 86 74 
 62 72 20 
 63 0 71 
 64 64 26 
 65 17 89 
 0 48 43 
 1 8 89 
 2 89 91 
 3 25 24 
 4 94 37 
 5 92 2 
 6 43 68 
 7 69 31 
 8 88 13 
 9 24 4 
 10 16 68 
 11 46 60 
 12 1 25 
 13 1 73 
 14 60 69 
 15 79 75 
 16 17 86 
 17 69 73 
 18 82 60 
 19 2 46 
 20 2 61 
 21 17 11 
 22 34 84 
 23 11 88 
 24 3 2 
 25 93 17 
 26 71 9 
 27 78 39 
 28 35 46 
 29 81 62 
 30 20 63 
 31 42 3 
 32 54 13 
 33 77 6 
 34 74 46 
 35 21 43 
 36 12 5 
 37 55 12 
 38 90 33 
 39 5 59 
 40 36 0 
 41 78 9 
 42 10 26 
 43 17 12 
 44 41 1 
 45 75 27 
 46 33 19 
 47 32 53 
 48 1 75 
 49 60 41 
 50 26 47 
 51 85 4 
 52 53 11 
 53 17 14 
 54 45 84 
 55 74 79 
 56 85 22 
 57 57 62 
 58 50 41 
 59 75 57 
 60 43 52 
 61 86 74 
 62 72 20 
 63 0 71 
 64 64 26 
 65 17 89 
 66 74 69 
 0 48 43 
 1 8 89 
 2 89 91 
 3 25 24 
 4 94 37 
 5 92 2 
 6 43 68 
 7 69 31 
 8 88 13 
 9 24 4 
 10 16 68 
 11 46 60 
 12 1 25 
 13 1 73 
 14 60 69 
 15 79 75 
 16 17 86 
 17 69 73 
 18 82 60 
 19 2 46 
 20 2 61 
 21 17 11 
 22 34 84 
 23 11 88 
 24 3 2 
 25 93 17 
 26 71 9 
 27 78 39 
 28 35 46 
 29 81 62 
 30 20 63 
 31 42 3 
 32 54 13 
 33 77 6 
 34 74 46 
 35 21 43 
 36 12 5 
 37 55 12 
 38 90 33 
 39 5 59 
 40 36 0 
 41 78 9 
 42 10 26 
 43 17 12 
 44 41 1 
 45 75 27 
 46 33 19 
 47 32 53 
 48 1 75 
 49 60 41 
 50 26 47 
 51 85 4 
 52 53 11 
 53 17 14 
 54 45 84 
 55 74 79 
 56 85 22 
 57 57 62 
 58 50 41 
 59 75 57 
 60 43 52 
 61 86 74 
 62 72 20 
 63 0 71 
 64 64 26 
 65 17 89 
 66 74 69 
 67 62 94 
 0 48 43 
 1 8 89 
 2 89 91 
 3 25 24 
 4 94 37 
 5 92 2 
 6 43 68 
 7 69 31 
 8 88 13 
 9 24 4 
 10 16 68 
 11 46 60 
 12 1 25 
 13 1 73 
 14 60 69 
 15 79 75 
 16 17 86 
 17 69 73 
 18 82 60 
 19 2 46 
 20 2 61 
 21 17 11 
 22 34 84 
 23 11 88 
 24 3 2 
 25 93 17 
 26 71 9 
 27 78 39 
 28 35 46 
 29 81 62 
 30 20 63 
 31 42 3 
 32 54 13 
 33 77 6 
 34 74 46 
 35 21 43 
 36 12 5 
 37 55 12 
 38 90 33 
 39 5 59 
 40 36 0 
 41 78 9 
 42 10 26 
 43 17 12 
 44 41 1 
 45 75 27 
 46 33 19 
 47 32 53 
 48 1 75 
 49 60 41 
 50 26 47 
 51 85 4 
 52 53 11 
 53 17 14 
 54 45 84 
 55 74 79 
 56 85 22 
 57 57 62 
 58 50 41 
 59 75 57 
 60 43 52 
 61 86 74 
 62 72 20 
 63 0 71 
 64 64 26 
 65 17 89 
 66 74 69 
 67 62 94 
 68 81 46 
 0 48 43 
 1 8 89 
 2 89 91 
 3 25 24 
 4 94 37 
 5 92 2 
 6 43 68 
 7 69 31 
 8 88 13 
 9 24 4 
 10 16 68 
 11 46 60 
 12 1 25 
 13 1 73 
 14 60 69 
 15 79 75 
 16 17 86 
 17 69 73 
 18 82 60 
 19 2 46 
 20 2 61 
 21 17 11 
 22 34 84 
 23 11 88 
 24 3 2 
 25 93 17 
 26 71 9 
 27 78 39 
 28 35 46 
 29 81 62 
 30 20 63 
 31 42 3 
 32 54 13 
 33 77 6 
 34 74 46 
 35 21 43 
 36 12 5 
 37 55 12 
 38 90 33 
 39 5 59 
 40 36 0 
 41 78 9 
 42 10 26 
 43 17 12 
 44 41 1 
 45 75 27 
 46 33 19 
 47 32 53 
 48 1 75 
 49 60 41 
 50 26 47 
 51 85 4 
 52 53 11 
 53 17 14 
 54 45 84 
 55 74 79 
 56 85 22 
 57 57 62 
 58 50 41 
 59 75 57 
 60 43 52 
 61 86 74 
 62 72 20 
 63 0 71 
 64 64 26 
 65 17 89 
 66 74 69 
 67 62 94 
 68 81 46 
 69 13 92 
 0 48 43 
 1 8 89 
 2 89 91 
 3 25 24 
 4 94 37 
 5 92 2 
 6 43 68 
 7 69 31 
 8 88 13 
 9 24 4 
 10 16 68 
 11 46 60 
 12 1 25 
 13 1 73 
 14 60 69 
 15 79 75 
 16 17 86 
 17 69 73 
 18 82 60 
 19 2 46 
 20 2 61 
 21 17 11 
 22 34 84 
 23 11 88 
 24 3 2 
 25 93 17 
 26 71 9 
 27 78 39 
 28 35 46 
 29 81 62 
 30 20 63 
 31 42 3 
 32 54 13 
 33 77 6 
 34 74 46 
 35 21 43 
 36 12 5 
 37 55 12 
 38 90 33 
 39 5 59 
 40 36 0 
 41 78 9 
 42 10 26 
 43 17 12 
 44 41 1 
 45 75 27 
 46 33 19 
 47 32 53 
 48 1 75 
 49 60 41 
 50 26 47 
 51 85 4 
 52 53 11 
 53 17 14 
 54 45 84 
 55 74 79 
 56 85 22 
 57 57 62 
 58 50 41 
 59 75 57 
 60 43 52 
 61 86 74 
 62 72 20 
 63 0 71 
 64 64 26 
 65 17 89 
 66 74 69 
 67 62 94 
 68 81 46 
 69 13 92 
 70 35 53 
 0 48 43 
 1 8 89 
 2 89 91 
 3 25 24 
 4 94 37 
 5 92 2 
 6 43 68 
 7 69 31 
 8 88 13 
 9 24 4 
 10 16 68 
 11 46 60 
 12 1 25 
 13 1 73 
 14 60 69 
 15 79 75 
 16 17 86 
 17 69 73 
 18 82 60 
 19 2 46 
 20 2 61 
 21 17 11 
 22 34 84 
 23 11 88 
 24 3 2 
 25 93 17 
 26 71 9 
 27 78 39 
 28 35 46 
 29 81 62 
 30 20 63 
 31 42 3 
 32 54 13 
 33 77 6 
 34 74 46 
 35 21 43 
 36 12 5 
 37 55 12 
 38 90 33 
 39 5 59 
 40 36 0 
 41 78 9 
 42 10 26 
 43 17 12 
 44 41 1 
 45 75 27 
 46 33 19 
 47 32 53 
 48 1 75 
 49 60 41 
 50 26 47 
 51 85 4 
 52 53 11 
 53 17 14 
 54 45 84 
 55 74 79 
 56 85 22 
 57 57 62 
 58 50 41 
 59 75 57 
 60 43 52 
 61 86 74 
 62 72 20 
 63 0 71 
 64 64 26 
 65 17 89 
 66 74 69 
 67 62 94 
 68 81 46 
 69 13 92 
 70 35 53 
 71 44 87 
 0 48 43 
 1 8 89 
 2 89 91 
 3 25 24 
 4 94 37 
 5 92 2 
 6 43 68 
 7 69 31 
 8 88 13 
 9 24 4 
 10 16 68 
 11 46 60 
 12 1 25 
 13 1 73 
 14 60 69 
 15 79 75 
 16 17 86 
 17 69 73 
 18 82 60 
 19 2 46 
 20 2 61 
 21 17 11 
 22 34 84 
 23 11 88 
 24 3 2 
 25 93 17 
 26 71 9 
 27 78 39 
 28 35 46 
 29 81 62 
 30 20 63 
 31 42 3 
 32 54 13 
 33 77 6 
 34 74 46 
 35 21 43 
 36 12 5 
 37 55 12 
 38 90 33 
 39 5 59 
 40 36 0 
 41 78 9 
 42 10 26 
 43 17 12 
 44 41 1 
 45 75 27 
 46 33 19 
 47 32 53 
 48 1 75 
 49 60 41 
 50 26 47 
 51 85 4 
 52 53 11 
 53 17 14 
 54 45 84 
 55 74 79 
 56 85 22 
 57 57 62 
 58 50 41 
 59 75 57 
 60 43 52 
 61 86 74 
 62 72 20 
 63 0 71 
 64 64 26 
 65 17 89 
 66 74 69 
 67 62 94 
 68 81 46 
 69 13 92 
 70 35 53 
 71 44 87 
 72 77 3 
 0 48 43 
 1 8 89 
 2 89 91 
 3 25 24 
 4 94 37 
 5 92 2 
 6 43 68 
 7 69 31 
 8 88 13 
 9 24 4 
 10 16 68 
 11 46 60 
 12 1 25 
 13 1 73 
 14 60 69 
 15 79 75 
 16 17 86 
 17 69 73 
 18 82 60 
 19 2 46 
 20 2 61 
 21 17 11 
 22 34 84 
 23 11 88 
 24 3 2 
 25 93 17 
 26 71 9 
 27 78 39 
 28 35 46 
 29 81 62 
 30 20 63 
 31 42 3 
 32 54 13 
 33 77 6 
 34 74 46 
 35 21 43 
 36 12 5 
 37 55 12 
 38 90 33 
 39 5 59 
 40 36 0 
 41 78 9 
 42 10 26 
 43 17 12 
 44 41 1 
 45 75 27 
 46 33 19 
 47 32 53 
 48 1 75 
 49 60 41 
 50 26 47 
 51 85 4 
 52 53 11 
 53 17 14 
 54 45 84 
 55 74 79 
 56 85 22 
 57 57 62 
 58 50 41 
 59 75 57 
 60 43 52 
 61 86 74 
 62 72 20 
 63 0 71 
 64 64 26 
 65 17 89 
 66 74 69 
 67 62 94 
 68 81 46 
 69 13 92 
 70 35 53 
 71 44 87 
 72 77 3 
 73 54 93 
 0 48 43 
 1 8 89 
 2 89 91 
 3 25 24 
 4 94 37 
 5 92 2 
 6 43 68 
 7 69 31 
 8 88 13 
 9 24 4 
 10 16 68 
 11 46 60 
 12 1 25 
 13 1 73 
 14 60 69 
 15 79 75 
 16 17 86 
 17 69 73 
 18 82 60 
 19 2 46 
 20 2 61 
 21 17 11 
 22 34 84 
 23 11 88 
 24 3 2 
 25 93 17 
 26 71 9 
 27 78 39 
 28 35 46 
 29 81 62 
 30 20 63 
 31 42 3 
 32 54 13 
 33 77 6 
 34 74 46 
 35 21 43 
 36 12 5 
 37 55 12 
 38 90 33 
 39 5 59 
 40 36 0 
 41 78 9 
 42 10 26 
 43 17 12 
 44 41 1 
 45 75 27 
 46 33 19 
 47 32 53 
 48 1 75 
 49 60 41 
 50 26 47 
 51 85 4 
 52 53 11 
 53 17 14 
 54 45 84 
 55 74 79 
 56 85 22 
 57 57 62 
 58 50 41 
 59 75 57 
 60 43 52 
 61 86 74 
 62 72 20 
 63 0 71 
 64 64 26 
 65 17 89 
 66 74 69 
 67 62 94 
 68 81 46 
 69 13 92 
 70 35 53 
 71 44 87 
 72 77 3 
 73 54 93 
 74 45 31 
 0 48 43 
 1 8 89 
 2 89 91 
 3 25 24 
 4 94 37 
 5 92 2 
 6 43 68 
 7 69 31 
 8 88 13 
 9 24 4 
 10 16 68 
 11 46 60 
 12 1 25 
 13 1 73 
 14 60 69 
 15 79 75 
 16 17 86 
 17 69 73 
 18 82 60 
 19 2 46 
 20 2 61 
 21 17 11 
 22 34 84 
 23 11 88 
 24 3 2 
 25 93 17 
 26 71 9 
 27 78 39 
 28 35 46 
 29 81 62 
 30 20 63 
 31 42 3 
 32 54 13 
 33 77 6 
 34 74 46 
 35 21 43 
 36 12 5 
 37 55 12 
 38 90 33 
 39 5 59 
 40 36 0 
 41 78 9 
 42 10 26 
 43 17 12 
 44 41 1 
 45 75 27 
 46 33 19 
 47 32 53 
 48 1 75 
 49 60 41 
 50 26 47 
 51 85 4 
 52 53 11 
 53 17 14 
 54 45 84 
 55 74 79 
 56 85 22 
 57 57 62 
 58 50 41 
 59 75 57 
 60 43 52 
 61 86 74 
 62 72 20 
 63 0 71 
 64 64 26 
 65 17 89 
 66 74 69 
 67 62 94 
 68 81 46 
 69 13 92 
 70 35 53 
 71 44 87 
 72 77 3 
 73 54 93 
 74 45 31 
 75 55 54 
 0 48 43 
 1 8 89 
 2 89 91 
 3 25 24 
 4 94 37 
 5 92 2 
 6 43 68 
 7 69 31 
 8 88 13 
 9 24 4 
 10 16 68 
 11 46 60 
 12 1 25 
 13 1 73 
 14 60 69 
 15 79 75 
 16 17 86 
 17 69 73 
 18 82 60 
 19 2 46 
 20 2 61 
 21 17 11 
 22 34 84 
 23 11 88 
 24 3 2 
 25 93 17 
 26 71 9 
 27 78 39 
 28 35 46 
 29 81 62 
 30 20 63 
 31 42 3 
 32 54 13 
 33 77 6 
 34 74 46 
 35 21 43 
 36 12 5 
 37 55 12 
 38 90 33 
 39 5 59 
 40 36 0 
 41 78 9 
 42 10 26 
 43 17 12 
 44 41 1 
 45 75 27 
 46 33 19 
 47 32 53 
 48 1 75 
 49 60 41 
 50 26 47 
 51 85 4 
 52 53 11 
 53 17 14 
 54 45 84 
 55 74 79 
 56 85 22 
 57 57 62 
 58 50 41 
 59 75 57 
 60 43 52 
 61 86 74 
 62 72 20 
 63 0 71 
 64 64 26 
 65 17 89 
 66 74 69 
 67 62 94 
 68 81 46 
 69 13 92 
 70 35 53 
 71 44 87 
 72 77 3 
 73 54 93 
 74 45 31 
 75 55 54 
 76 84 43 
 0 48 43 
 1 8 89 
 2 89 91 
 3 25 24 
 4 94 37 
 5 92 2 
 6 43 68 
 7 69 31 
 8 88 13 
 9 24 4 
 10 16 68 
 11 46 60 
 12 1 25 
 13 1 73 
 14 60 69 
 15 79 75 
 16 17 86 
 17 69 73 
 18 82 60 
 19 2 46 
 20 2 61 
 21 17 11 
 22 34 84 
 23 11 88 
 24 3 2 
 25 93 17 
 26 71 9 
 27 78 39 
 28 35 46 
 29 81 62 
 30 20 63 
 31 42 3 
 32 54 13 
 33 77 6 
 34 74 46 
 35 21 43 
 36 12 5 
 37 55 12 
 38 90 33 
 39 5 59 
 40 36 0 
 41 78 9 
 42 10 26 
 43 17 12 
 44 41 1 
 45 75 27 
 46 33 19 
 47 32 53 
 48 1 75 
 49 60 41 
 50 26 47 
 51 85 4 
 52 53 11 
 53 17 14 
 54 45 84 
 55 74 79 
 56 85 22 
 57 57 62 
 58 50 41 
 59 75 57 
 60 43 52 
 61 86 74 
 62 72 20 
 63 0 71 
 64 64 26 
 65 17 89 
 66 74 69 
 67 62 94 
 68 81 46 
 69 13 92 
 70 35 53 
 71 44 87 
 72 77 3 
 73 54 93 
 74 45 31 
 75 55 54 
 76 84 43 
 77 1 26 
 0 48 43 
 1 8 89 
 2 89 91 
 3 25 24 
 4 94 37 
 5 92 2 
 6 43 68 
 7 69 31 
 8 88 13 
 9 24 4 
 10 16 68 
 11 46 60 
 12 1 25 
 13 1 73 
 14 60 69 
 15 79 75 
 16 17 86 
 17 69 73 
 18 82 60 
 19 2 46 
 20 2 61 
 21 17 11 
 22 34 84 
 23 11 88 
 24 3 2 
 25 93 17 
 26 71 9 
 27 78 39 
 28 35 46 
 29 81 62 
 30 20 63 
 31 42 3 
 32 54 13 
 33 77 6 
 34 74 46 
 35 21 43 
 36 12 5 
 37 55 12 
 38 90 33 
 39 5 59 
 40 36 0 
 41 78 9 
 42 10 26 
 43 17 12 
 44 41 1 
 45 75 27 
 46 33 19 
 47 32 53 
 48 1 75 
 49 60 41 
 50 26 47 
 51 85 4 
 52 53 11 
 53 17 14 
 54 45 84 
 55 74 79 
 56 85 22 
 57 57 62 
 58 50 41 
 59 75 57 
 60 43 52 
 61 86 74 
 62 72 20 
 63 0 71 
 64 64 26 
 65 17 89 
 66 74 69 
 67 62 94 
 68 81 46 
 69 13 92 
 70 35 53 
 71 44 87 
 72 77 3 
 73 54 93 
 74 45 31 
 75 55 54 
 76 84 43 
 77 1 26 
 78 32 95 
 0 48 43 
 1 8 89 
 2 89 91 
 3 25 24 
 4 94 37 
 5 92 2 
 6 43 68 
 7 69 31 
 8 88 13 
 9 24 4 
 10 16 68 
 11 46 60 
 12 1 25 
 13 1 73 
 14 60 69 
 15 79 75 
 16 17 86 
 17 69 73 
 18 82 60 
 19 2 46 
 20 2 61 
 21 17 11 
 22 34 84 
 23 11 88 
 24 3 2 
 25 93 17 
 26 71 9 
 27 78 39 
 28 35 46 
 29 81 62 
 30 20 63 
 31 42 3 
 32 54 13 
 33 77 6 
 34 74 46 
 35 21 43 
 36 12 5 
 37 55 12 
 38 90 33 
 39 5 59 
 40 36 0 
 41 78 9 
 42 10 26 
 43 17 12 
 44 41 1 
 45 75 27 
 46 33 19 
 47 32 53 
 48 1 75 
 49 60 41 
 50 26 47 
 51 85 4 
 52 53 11 
 53 17 14 
 54 45 84 
 55 74 79 
 56 85 22 
 57 57 62 
 58 50 41 
 59 75 57 
 60 43 52 
 61 86 74 
 62 72 20 
 63 0 71 
 64 64 26 
 65 17 89 
 66 74 69 
 67 62 94 
 68 81 46 
 69 13 92 
 70 35 53 
 71 44 87 
 72 77 3 
 73 54 93 
 74 45 31 
 75 55 54 
 76 84 43 
 77 1 26 
 78 32 95 
 79 66 95 
 0 48 43 
 1 8 89 
 2 89 91 
 3 25 24 
 4 94 37 
 5 92 2 
 6 43 68 
 7 69 31 
 8 88 13 
 9 24 4 
 10 16 68 
 11 46 60 
 12 1 25 
 13 1 73 
 14 60 69 
 15 79 75 
 16 17 86 
 17 69 73 
 18 82 60 
 19 2 46 
 20 2 61 
 21 17 11 
 22 34 84 
 23 11 88 
 24 3 2 
 25 93 17 
 26 71 9 
 27 78 39 
 28 35 46 
 29 81 62 
 30 20 63 
 31 42 3 
 32 54 13 
 33 77 6 
 34 74 46 
 35 21 43 
 36 12 5 
 37 55 12 
 38 90 33 
 39 5 59 
 40 36 0 
 41 78 9 
 42 10 26 
 43 17 12 
 44 41 1 
 45 75 27 
 46 33 19 
 47 32 53 
 48 1 75 
 49 60 41 
 50 26 47 
 51 85 4 
 52 53 11 
 53 17 14 
 54 45 84 
 55 74 79 
 56 85 22 
 57 57 62 
 58 50 41 
 59 75 57 
 60 43 52 
 61 86 74 
 62 72 20 
 63 0 71 
 64 64 26 
 65 17 89 
 66 74 69 
 67 62 94 
 68 81 46 
 69 13 92 
 70 35 53 
 71 44 87 
 72 77 3 
 73 54 93 
 74 45 31 
 75 55 54 
 76 84 43 
 77 1 26 
 78 32 95 
 79 66 95 
 80 26 49 
 0 48 43 
 1 8 89 
 2 89 91 
 3 25 24 
 4 94 37 
 5 92 2 
 6 43 68 
 7 69 31 
 8 88 13 
 9 24 4 
 10 16 68 
 11 46 60 
 12 1 25 
 13 1 73 
 14 60 69 
 15 79 75 
 16 17 86 
 17 69 73 
 18 82 60 
 19 2 46 
 20 2 61 
 21 17 11 
 22 34 84 
 23 11 88 
 24 3 2 
 25 93 17 
 26 71 9 
 27 78 39 
 28 35 46 
 29 81 62 
 30 20 63 
 31 42 3 
 32 54 13 
 33 77 6 
 34 74 46 
 35 21 43 
 36 12 5 
 37 55 12 
 38 90 33 
 39 5 59 
 40 36 0 
 41 78 9 
 42 10 26 
 43 17 12 
 44 41 1 
 45 75 27 
 46 33 19 
 47 32 53 
 48 1 75 
 49 60 41 
 50 26 47 
 51 85 4 
 52 53 11 
 53 17 14 
 54 45 84 
 55 74 79 
 56 85 22 
 57 57 62 
 58 50 41 
 59 75 57 
 60 43 52 
 61 86 74 
 62 72 20 
 63 0 71 
 64 64 26 
 65 17 89 
 66 74 69 
 67 62 94 
 68 81 46 
 69 13 92 
 70 35 53 
 71 44 87 
 72 77 3 
 73 54 93 
 74 45 31 
 75 55 54 
 76 84 43 
 77 1 26 
 78 32 95 
 79 66 95 
 80 26 49 
 81 57 67 
 0 48 43 
 1 8 89 
 2 89 91 
 3 25 24 
 4 94 37 
 5 92 2 
 6 43 68 
 7 69 31 
 8 88 13 
 9 24 4 
 10 16 68 
 11 46 60 
 12 1 25 
 13 1 73 
 14 60 69 
 15 79 75 
 16 17 86 
 17 69 73 
 18 82 60 
 19 2 46 
 20 2 61 
 21 17 11 
 22 34 84 
 23 11 88 
 24 3 2 
 25 93 17 
 26 71 9 
 27 78 39 
 28 35 46 
 29 81 62 
 30 20 63 
 31 42 3 
 32 54 13 
 33 77 6 
 34 74 46 
 35 21 43 
 36 12 5 
 37 55 12 
 38 90 33 
 39 5 59 
 40 36 0 
 41 78 9 
 42 10 26 
 43 17 12 
 44 41 1 
 45 75 27 
 46 33 19 
 47 32 53 
 48 1 75 
 49 60 41 
 50 26 47 
 51 85 4 
 52 53 11 
 53 17 14 
 54 45 84 
 55 74 79 
 56 85 22 
 57 57 62 
 58 50 41 
 59 75 57 
 60 43 52 
 61 86 74 
 62 72 20 
 63 0 71 
 64 64 26 
 65 17 89 
 66 74 69 
 67 62 94 
 68 81 46 
 69 13 92 
 70 35 53 
 71 44 87 
 72 77 3 
 73 54 93 
 74 45 31 
 75 55 54 
 76 84 43 
 77 1 26 
 78 32 95 
 79 66 95 
 80 26 49 
 81 57 67 
 82 23 85 
 0 48 43 
 1 8 89 
 2 89 91 
 3 25 24 
 4 94 37 
 5 92 2 
 6 43 68 
 7 69 31 
 8 88 13 
 9 24 4 
 10 16 68 
 11 46 60 
 12 1 25 
 13 1 73 
 14 60 69 
 15 79 75 
 16 17 86 
 17 69 73 
 18 82 60 
 19 2 46 
 20 2 61 
 21 17 11 
 22 34 84 
 23 11 88 
 24 3 2 
 25 93 17 
 26 71 9 
 27 78 39 
 28 35 46 
 29 81 62 
 30 20 63 
 31 42 3 
 32 54 13 
 33 77 6 
 34 74 46 
 35 21 43 
 36 12 5 
 37 55 12 
 38 90 33 
 39 5 59 
 40 36 0 
 41 78 9 
 42 10 26 
 43 17 12 
 44 41 1 
 45 75 27 
 46 33 19 
 47 32 53 
 48 1 75 
 49 60 41 
 50 26 47 
 51 85 4 
 52 53 11 
 53 17 14 
 54 45 84 
 55 74 79 
 56 85 22 
 57 57 62 
 58 50 41 
 59 75 57 
 60 43 52 
 61 86 74 
 62 72 20 
 63 0 71 
 64 64 26 
 65 17 89 
 66 74 69 
 67 62 94 
 68 81 46 
 69 13 92 
 70 35 53 
 71 44 87 
 72 77 3 
 73 54 93 
 74 45 31 
 75 55 54 
 76 84 43 
 77 1 26 
 78 32 95 
 79 66 95 
 80 26 49 
 81 57 67 
 82 23 85 
 83 66 70 
 0 48 43 
 1 8 89 
 2 89 91 
 3 25 24 
 4 94 37 
 5 92 2 
 6 43 68 
 7 69 31 
 8 88 13 
 9 24 4 
 10 16 68 
 11 46 60 
 12 1 25 
 13 1 73 
 14 60 69 
 15 79 75 
 16 17 86 
 17 69 73 
 18 82 60 
 19 2 46 
 20 2 61 
 21 17 11 
 22 34 84 
 23 11 88 
 24 3 2 
 25 93 17 
 26 71 9 
 27 78 39 
 28 35 46 
 29 81 62 
 30 20 63 
 31 42 3 
 32 54 13 
 33 77 6 
 34 74 46 
 35 21 43 
 36 12 5 
 37 55 12 
 38 90 33 
 39 5 59 
 40 36 0 
 41 78 9 
 42 10 26 
 43 17 12 
 44 41 1 
 45 75 27 
 46 33 19 
 47 32 53 
 48 1 75 
 49 60 41 
 50 26 47 
 51 85 4 
 52 53 11 
 53 17 14 
 54 45 84 
 55 74 79 
 56 85 22 
 57 57 62 
 58 50 41 
 59 75 57 
 60 43 52 
 61 86 74 
 62 72 20 
 63 0 71 
 64 64 26 
 65 17 89 
 66 74 69 
 67 62 94 
 68 81 46 
 69 13 92 
 70 35 53 
 71 44 87 
 72 77 3 
 73 54 93 
 74 45 31 
 75 55 54 
 76 84 43 
 77 1 26 
 78 32 95 
 79 66 95 
 80 26 49 
 81 57 67 
 82 23 85 
 83 66 70 
 84 36 45 
 0 48 43 
 1 8 89 
 2 89 91 
 3 25 24 
 4 94 37 
 5 92 2 
 6 43 68 
 7 69 31 
 8 88 13 
 9 24 4 
 10 16 68 
 11 46 60 
 12 1 25 
 13 1 73 
 14 60 69 
 15 79 75 
 16 17 86 
 17 69 73 
 18 82 60 
 19 2 46 
 20 2 61 
 21 17 11 
 22 34 84 
 23 11 88 
 24 3 2 
 25 93 17 
 26 71 9 
 27 78 39 
 28 35 46 
 29 81 62 
 30 20 63 
 31 42 3 
 32 54 13 
 33 77 6 
 34 74 46 
 35 21 43 
 36 12 5 
 37 55 12 
 38 90 33 
 39 5 59 
 40 36 0 
 41 78 9 
 42 10 26 
 43 17 12 
 44 41 1 
 45 75 27 
 46 33 19 
 47 32 53 
 48 1 75 
 49 60 41 
 50 26 47 
 51 85 4 
 52 53 11 
 53 17 14 
 54 45 84 
 55 74 79 
 56 85 22 
 57 57 62 
 58 50 41 
 59 75 57 
 60 43 52 
 61 86 74 
 62 72 20 
 63 0 71 
 64 64 26 
 65 17 89 
 66 74 69 
 67 62 94 
 68 81 46 
 69 13 92 
 70 35 53 
 71 44 87 
 72 77 3 
 73 54 93 
 74 45 31 
 75 55 54 
 76 84 43 
 77 1 26 
 78 32 95 
 79 66 95 
 80 26 49 
 81 57 67 
 82 23 85 
 83 66 70 
 84 36 45 
 85 67 38 
 0 48 43 
 1 8 89 
 2 89 91 
 3 25 24 
 4 94 37 
 5 92 2 
 6 43 68 
 7 69 31 
 8 88 13 
 9 24 4 
 10 16 68 
 11 46 60 
 12 1 25 
 13 1 73 
 14 60 69 
 15 79 75 
 16 17 86 
 17 69 73 
 18 82 60 
 19 2 46 
 20 2 61 
 21 17 11 
 22 34 84 
 23 11 88 
 24 3 2 
 25 93 17 
 26 71 9 
 27 78 39 
 28 35 46 
 29 81 62 
 30 20 63 
 31 42 3 
 32 54 13 
 33 77 6 
 34 74 46 
 35 21 43 
 36 12 5 
 37 55 12 
 38 90 33 
 39 5 59 
 40 36 0 
 41 78 9 
 42 10 26 
 43 17 12 
 44 41 1 
 45 75 27 
 46 33 19 
 47 32 53 
 48 1 75 
 49 60 41 
 50 26 47 
 51 85 4 
 52 53 11 
 53 17 14 
 54 45 84 
 55 74 79 
 56 85 22 
 57 57 62 
 58 50 41 
 59 75 57 
 60 43 52 
 61 86 74 
 62 72 20 
 63 0 71 
 64 64 26 
 65 17 89 
 66 74 69 
 67 62 94 
 68 81 46 
 69 13 92 
 70 35 53 
 71 44 87 
 72 77 3 
 73 54 93 
 74 45 31 
 75 55 54 
 76 84 43 
 77 1 26 
 78 32 95 
 79 66 95 
 80 26 49 
 81 57 67 
 82 23 85 
 83 66 70 
 84 36 45 
 85 67 38 
 86 3 77 
 0 48 43 
 1 8 89 
 2 89 91 
 3 25 24 
 4 94 37 
 5 92 2 
 6 43 68 
 7 69 31 
 8 88 13 
 9 24 4 
 10 16 68 
 11 46 60 
 12 1 25 
 13 1 73 
 14 60 69 
 15 79 75 
 16 17 86 
 17 69 73 
 18 82 60 
 19 2 46 
 20 2 61 
 21 17 11 
 22 34 84 
 23 11 88 
 24 3 2 
 25 93 17 
 26 71 9 
 27 78 39 
 28 35 46 
 29 81 62 
 30 20 63 
 31 42 3 
 32 54 13 
 33 77 6 
 34 74 46 
 35 21 43 
 36 12 5 
 37 55 12 
 38 90 33 
 39 5 59 
 40 36 0 
 41 78 9 
 42 10 26 
 43 17 12 
 44 41 1 
 45 75 27 
 46 33 19 
 47 32 53 
 48 1 75 
 49 60 41 
 50 26 47 
 51 85 4 
 52 53 11 
 53 17 14 
 54 45 84 
 55 74 79 
 56 85 22 
 57 57 62 
 58 50 41 
 59 75 57 
 60 43 52 
 61 86 74 
 62 72 20 
 63 0 71 
 64 64 26 
 65 17 89 
 66 74 69 
 67 62 94 
 68 81 46 
 69 13 92 
 70 35 53 
 71 44 87 
 72 77 3 
 73 54 93 
 74 45 31 
 75 55 54 
 76 84 43 
 77 1 26 
 78 32 95 
 79 66 95 
 80 26 49 
 81 57 67 
 82 23 85 
 83 66 70 
 84 36 45 
 85 67 38 
 86 3 77 
 87 30 46 
 0 48 43 
 1 8 89 
 2 89 91 
 3 25 24 
 4 94 37 
 5 92 2 
 6 43 68 
 7 69 31 
 8 88 13 
 9 24 4 
 10 16 68 
 11 46 60 
 12 1 25 
 13 1 73 
 14 60 69 
 15 79 75 
 16 17 86 
 17 69 73 
 18 82 60 
 19 2 46 
 20 2 61 
 21 17 11 
 22 34 84 
 23 11 88 
 24 3 2 
 25 93 17 
 26 71 9 
 27 78 39 
 28 35 46 
 29 81 62 
 30 20 63 
 31 42 3 
 32 54 13 
 33 77 6 
 34 74 46 
 35 21 43 
 36 12 5 
 37 55 12 
 38 90 33 
 39 5 59 
 40 36 0 
 41 78 9 
 42 10 26 
 43 17 12 
 44 41 1 
 45 75 27 
 46 33 19 
 47 32 53 
 48 1 75 
 49 60 41 
 50 26 47 
 51 85 4 
 52 53 11 
 53 17 14 
 54 45 84 
 55 74 79 
 56 85 22 
 57 57 62 
 58 50 41 
 59 75 57 
 60 43 52 
 61 86 74 
 62 72 20 
 63 0 71 
 64 64 26 
 65 17 89 
 66 74 69 
 67 62 94 
 68 81 46 
 69 13 92 
 70 35 53 
 71 44 87 
 72 77 3 
 73 54 93 
 74 45 31 
 75 55 54 
 76 84 43 
 77 1 26 
 78 32 95 
 79 66 95 
 80 26 49 
 81 57 67 
 82 23 85 
 83 66 70 
 84 36 45 
 85 67 38 
 86 3 77 
 87 30 46 
 88 50 82 
 0 48 43 
 1 8 89 
 2 89 91 
 3 25 24 
 4 94 37 
 5 92 2 
 6 43 68 
 7 69 31 
 8 88 13 
 9 24 4 
 10 16 68 
 11 46 60 
 12 1 25 
 13 1 73 
 14 60 69 
 15 79 75 
 16 17 86 
 17 69 73 
 18 82 60 
 19 2 46 
 20 2 61 
 21 17 11 
 22 34 84 
 23 11 88 
 24 3 2 
 25 93 17 
 26 71 9 
 27 78 39 
 28 35 46 
 29 81 62 
 30 20 63 
 31 42 3 
 32 54 13 
 33 77 6 
 34 74 46 
 35 21 43 
 36 12 5 
 37 55 12 
 38 90 33 
 39 5 59 
 40 36 0 
 41 78 9 
 42 10 26 
 43 17 12 
 44 41 1 
 45 75 27 
 46 33 19 
 47 32 53 
 48 1 75 
 49 60 41 
 50 26 47 
 51 85 4 
 52 53 11 
 53 17 14 
 54 45 84 
 55 74 79 
 56 85 22 
 57 57 62 
 58 50 41 
 59 75 57 
 60 43 52 
 61 86 74 
 62 72 20 
 63 0 71 
 64 64 26 
 65 17 89 
 66 74 69 
 67 62 94 
 68 81 46 
 69 13 92 
 70 35 53 
 71 44 87 
 72 77 3 
 73 54 93 
 74 45 31 
 75 55 54 
 76 84 43 
 77 1 26 
 78 32 95 
 79 66 95 
 80 26 49 
 81 57 67 
 82 23 85 
 83 66 70 
 84 36 45 
 85 67 38 
 86 3 77 
 87 30 46 
 88 50 82 
 89 44 61 
 0 48 43 
 1 8 89 
 2 89 91 
 3 25 24 
 4 94 37 
 5 92 2 
 6 43 68 
 7 69 31 
 8 88 13 
 9 24 4 
 10 16 68 
 11 46 60 
 12 1 25 
 13 1 73 
 14 60 69 
 15 79 75 
 16 17 86 
 17 69 73 
 18 82 60 
 19 2 46 
 20 2 61 
 21 17 11 
 22 34 84 
 23 11 88 
 24 3 2 
 25 93 17 
 26 71 9 
 27 78 39 
 28 35 46 
 29 81 62 
 30 20 63 
 31 42 3 
 32 54 13 
 33 77 6 
 34 74 46 
 35 21 43 
 36 12 5 
 37 55 12 
 38 90 33 
 39 5 59 
 40 36 0 
 41 78 9 
 42 10 26 
 43 17 12 
 44 41 1 
 45 75 27 
 46 33 19 
 47 32 53 
 48 1 75 
 49 60 41 
 50 26 47 
 51 85 4 
 52 53 11 
 53 17 14 
 54 45 84 
 55 74 79 
 56 85 22 
 57 57 62 
 58 50 41 
 59 75 57 
 60 43 52 
 61 86 74 
 62 72 20 
 63 0 71 
 64 64 26 
 65 17 89 
 66 74 69 
 67 62 94 
 68 81 46 
 69 13 92 
 70 35 53 
 71 44 87 
 72 77 3 
 73 54 93 
 74 45 31 
 75 55 54 
 76 84 43 
 77 1 26 
 78 32 95 
 79 66 95 
 80 26 49 
 81 57 67 
 82 23 85 
 83 66 70 
 84 36 45 
 85 67 38 
 86 3 77 
 87 30 46 
 88 50 82 
 89 44 61 
 90 18 66 
 0 48 43 
 1 8 89 
 2 89 91 
 3 25 24 
 4 94 37 
 5 92 2 
 6 43 68 
 7 69 31 
 8 88 13 
 9 24 4 
 10 16 68 
 11 46 60 
 12 1 25 
 13 1 73 
 14 60 69 
 15 79 75 
 16 17 86 
 17 69 73 
 18 82 60 
 19 2 46 
 20 2 61 
 21 17 11 
 22 34 84 
 23 11 88 
 24 3 2 
 25 93 17 
 26 71 9 
 27 78 39 
 28 35 46 
 29 81 62 
 30 20 63 
 31 42 3 
 32 54 13 
 33 77 6 
 34 74 46 
 35 21 43 
 36 12 5 
 37 55 12 
 38 90 33 
 39 5 59 
 40 36 0 
 41 78 9 
 42 10 26 
 43 17 12 
 44 41 1 
 45 75 27 
 46 33 19 
 47 32 53 
 48 1 75 
 49 60 41 
 50 26 47 
 51 85 4 
 52 53 11 
 53 17 14 
 54 45 84 
 55 74 79 
 56 85 22 
 57 57 62 
 58 50 41 
 59 75 57 
 60 43 52 
 61 86 74 
 62 72 20 
 63 0 71 
 64 64 26 
 65 17 89 
 66 74 69 
 67 62 94 
 68 81 46 
 69 13 92 
 70 35 53 
 71 44 87 
 72 77 3 
 73 54 93 
 74 45 31 
 75 55 54 
 76 84 43 
 77 1 26 
 78 32 95 
 79 66 95 
 80 26 49 
 81 57 67 
 82 23 85 
 83 66 70 
 84 36 45 
 85 67 38 
 86 3 77 
 87 30 46 
 88 50 82 
 89 44 61 
 90 18 66 
 91 21 68 
 0 48 43 
 1 8 89 
 2 89 91 
 3 25 24 
 4 94 37 
 5 92 2 
 6 43 68 
 7 69 31 
 8 88 13 
 9 24 4 
 10 16 68 
 11 46 60 
 12 1 25 
 13 1 73 
 14 60 69 
 15 79 75 
 16 17 86 
 17 69 73 
 18 82 60 
 19 2 46 
 20 2 61 
 21 17 11 
 22 34 84 
 23 11 88 
 24 3 2 
 25 93 17 
 26 71 9 
 27 78 39 
 28 35 46 
 29 81 62 
 30 20 63 
 31 42 3 
 32 54 13 
 33 77 6 
 34 74 46 
 35 21 43 
 36 12 5 
 37 55 12 
 38 90 33 
 39 5 59 
 40 36 0 
 41 78 9 
 42 10 26 
 43 17 12 
 44 41 1 
 45 75 27 
 46 33 19 
 47 32 53 
 48 1 75 
 49 60 41 
 50 26 47 
 51 85 4 
 52 53 11 
 53 17 14 
 54 45 84 
 55 74 79 
 56 85 22 
 57 57 62 
 58 50 41 
 59 75 57 
 60 43 52 
 61 86 74 
 62 72 20 
 63 0 71 
 64 64 26 
 65 17 89 
 66 74 69 
 67 62 94 
 68 81 46 
 69 13 92 
 70 35 53 
 71 44 87 
 72 77 3 
 73 54 93 
 74 45 31 
 75 55 54 
 76 84 43 
 77 1 26 
 78 32 95 
 79 66 95 
 80 26 49 
 81 57 67 
 82 23 85 
 83 66 70 
 84 36 45 
 85 67 38 
 86 3 77 
 87 30 46 
 88 50 82 
 89 44 61 
 90 18 66 
 91 21 68 
 92 14 84 
 0 48 43 
 1 8 89 
 2 89 91 
 3 25 24 
 4 94 37 
 5 92 2 
 6 43 68 
 7 69 31 
 8 88 13 
 9 24 4 
 10 16 68 
 11 46 60 
 12 1 25 
 13 1 73 
 14 60 69 
 15 79 75 
 16 17 86 
 17 69 73 
 18 82 60 
 19 2 46 
 20 2 61 
 21 17 11 
 22 34 84 
 23 11 88 
 24 3 2 
 25 93 17 
 26 71 9 
 27 78 39 
 28 35 46 
 29 81 62 
 30 20 63 
 31 42 3 
 32 54 13 
 33 77 6 
 34 74 46 
 35 21 43 
 36 12 5 
 37 55 12 
 38 90 33 
 39 5 59 
 40 36 0 
 41 78 9 
 42 10 26 
 43 17 12 
 44 41 1 
 45 75 27 
 46 33 19 
 47 32 53 
 48 1 75 
 49 60 41 
 50 26 47 
 51 85 4 
 52 53 11 
 53 17 14 
 54 45 84 
 55 74 79 
 56 85 22 
 57 57 62 
 58 50 41 
 59 75 57 
 60 43 52 
 61 86 74 
 62 72 20 
 63 0 71 
 64 64 26 
 65 17 89 
 66 74 69 
 67 62 94 
 68 81 46 
 69 13 92 
 70 35 53 
 71 44 87 
 72 77 3 
 73 54 93 
 74 45 31 
 75 55 54 
 76 84 43 
 77 1 26 
 78 32 95 
 79 66 95 
 80 26 49 
 81 57 67 
 82 23 85 
 83 66 70 
 84 36 45 
 85 67 38 
 86 3 77 
 87 30 46 
 88 50 82 
 89 44 61 
 90 18 66 
 91 21 68 
 92 14 84 
 93 95 13 
 0 48 43 
 1 8 89 
 2 89 91 
 3 25 24 
 4 94 37 
 5 92 2 
 6 43 68 
 7 69 31 
 8 88 13 
 9 24 4 
 10 16 68 
 11 46 60 
 12 1 25 
 13 1 73 
 14 60 69 
 15 79 75 
 16 17 86 
 17 69 73 
 18 82 60 
 19 2 46 
 20 2 61 
 21 17 11 
 22 34 84 
 23 11 88 
 24 3 2 
 25 93 17 
 26 71 9 
 27 78 39 
 28 35 46 
 29 81 62 
 30 20 63 
 31 42 3 
 32 54 13 
 33 77 6 
 34 74 46 
 35 21 43 
 36 12 5 
 37 55 12 
 38 90 33 
 39 5 59 
 40 36 0 
 41 78 9 
 42 10 26 
 43 17 12 
 44 41 1 
 45 75 27 
 46 33 19 
 47 32 53 
 48 1 75 
 49 60 41 
 50 26 47 
 51 85 4 
 52 53 11 
 53 17 14 
 54 45 84 
 55 74 79 
 56 85 22 
 57 57 62 
 58 50 41 
 59 75 57 
 60 43 52 
 61 86 74 
 62 72 20 
 63 0 71 
 64 64 26 
 65 17 89 
 66 74 69 
 67 62 94 
 68 81 46 
 69 13 92 
 70 35 53 
 71 44 87 
 72 77 3 
 73 54 93 
 74 45 31 
 75 55 54 
 76 84 43 
 77 1 26 
 78 32 95 
 79 66 95 
 80 26 49 
 81 57 67 
 82 23 85 
 83 66 70 
 84 36 45 
 85 67 38 
 86 3 77 
 87 30 46 
 88 50 82 
 89 44 61 
 90 18 66 
 91 21 68 
 92 14 84 
 93 95 13 
 94 53 31 
 0 48 43 
 1 8 89 
 2 89 91 
 3 25 24 
 4 94 37 
 5 92 2 
 6 43 68 
 7 69 31 
 8 88 13 
 9 24 4 
 10 16 68 
 11 46 60 
 12 1 25 
 13 1 73 
 14 60 69 
 15 79 75 
 16 17 86 
 17 69 73 
 18 82 60 
 19 2 46 
 20 2 61 
 21 17 11 
 22 34 84 
 23 11 88 
 24 3 2 
 25 93 17 
 26 71 9 
 27 78 39 
 28 35 46 
 29 81 62 
 30 20 63 
 31 42 3 
 32 54 13 
 33 77 6 
 34 74 46 
 35 21 43 
 36 12 5 
 37 55 12 
 38 90 33 
 39 5 59 
 40 36 0 
 41 78 9 
 42 10 26 
 43 17 12 
 44 41 1 
 45 75 27 
 46 33 19 
 47 32 53 
 48 1 75 
 49 60 41 
 50 26 47 
 51 85 4 
 52 53 11 
 53 17 14 
 54 45 84 
 55 74 79 
 56 85 22 
 57 57 62 
 58 50 41 
 59 75 57 
 60 43 52 
 61 86 74 
 62 72 20 
 63 0 71 
 64 64 26 
 65 17 89 
 66 74 69 
 67 62 94 
 68 81 46 
 69 13 92 
 70 35 53 
 71 44 87 
 72 77 3 
 73 54 93 
 74 45 31 
 75 55 54 
 76 84 43 
 77 1 26 
 78 32 95 
 79 66 95 
 80 26 49 
 81 57 67 
 82 23 85 
 83 66 70 
 84 36 45 
 85 67 38 
 86 3 77 
 87 30 46 
 88 50 82 
 89 44 61 
 90 18 66 
 91 21 68 
 92 14 84 
 93 95 13 
 94 53 31 
 95 77 45 
-1 -1
