1 1 24
1 6 24
1 11 24
1 16 24
1 21 24
1 26 24
1 31 24
1 36 24
1 41 24
1 46 24
1 51 24
1 56 24
1 61 24
1 66 24
1 71 24
1 76 24
1 81 24
1 86 24
1 91 24
1 96 24
6 1 24
6 6 24
6 11 24
6 16 24
6 21 24
6 26 24
6 31 24
6 36 24
6 41 24
6 46 24
6 51 24
6 56 24
6 61 24
6 66 24
6 71 24
6 76 24
6 81 24
6 86 24
6 91 24
6 96 24
11 1 24
11 6 24
11 11 24
11 16 24
11 21 24
11 26 24
11 31 24
11 36 24
11 41 24
11 46 24
11 51 24
11 56 24
11 61 24
11 66 24
11 71 24
11 76 24
11 81 24
11 86 24
11 91 24
11 96 24
16 1 24
16 6 24
16 11 24
16 16 24
16 21 24
16 26 24
16 31 24
16 36 24
16 41 24
16 46 24
16 51 24
16 56 24
16 61 24
16 66 24
16 71 24
16 76 24
16 81 24
16 86 24
16 91 24
16 96 24
21 1 24
21 6 24
21 11 24
21 16 24
21 21 24
21 26 24
21 31 24
21 36 24
21 41 24
21 46 24
21 51 24
21 56 24
21 61 24
21 66 24
21 71 24
21 76 24
21 81 24
21 86 24
21 91 24
21 96 24
26 1 24
26 6 24
26 11 24
26 16 24
26 21 24
26 26 24
26 31 24
26 36 24
26 41 24
26 46 24
26 51 24
26 56 24
26 61 24
26 66 24
26 71 24
26 76 24
26 81 24
26 86 24
26 91 24
26 96 24
31 1 24
31 6 24
31 11 24
31 16 24
31 21 24
31 26 24
31 31 24
31 36 24
31 41 24
31 46 24
31 51 24
31 56 24
31 61 24
31 66 24
31 71 24
31 76 24
31 81 24
31 86 24
31 91 24
31 96 24
36 1 24
36 6 24
36 11 24
36 16 24
36 21 24
36 26 24
36 31 24
36 36 24
36 41 24
36 46 24
36 51 24
36 56 24
36 61 24
36 66 24
36 71 24
36 76 24
36 81 24
36 86 24
36 91 24
36 96 24
41 1 24
41 6 24
41 11 24
41 16 24
41 21 24
41 26 24
41 31 24
41 36 24
41 41 24
41 46 24
41 51 24
41 56 24
41 61 24
41 66 24
41 71 24
41 76 24
41 81 24
41 86 24
41 91 24
41 96 24
46 1 24
46 6 24
46 11 24
46 16 24
46 21 24
46 26 24
46 31 24
46 36 24
46 41 24
46 46 24
46 51 24
46 56 24
46 61 24
46 66 24
46 71 24
46 76 24
46 81 24
46 86 24
46 91 24
46 96 24
51 1 24
51 6 24
51 11 24
51 16 24
51 21 24
51 26 24
51 31 24
51 36 24
51 41 24
51 46 24
51 51 24
51 56 24
51 61 24
51 66 24
51 71 24
51 76 24
51 81 24
51 86 24
51 91 24
51 96 24
56 1 24
56 6 24
56 11 24
56 16 24
56 21 24
56 26 24
56 31 24
56 36 24
56 41 24
56 46 24
56 51 24
56 56 24
56 61 24
56 66 24
56 71 24
56 76 24
56 81 24
56 86 24
56 91 24
56 96 24
61 1 24
61 6 24
61 11 24
61 16 24
61 21 24
61 26 24
61 31 24
61 36 24
61 41 24
61 46 24
61 51 24
61 56 24
61 61 24
61 66 24
61 71 24
61 76 24
61 81 24
61 86 24
61 91 24
61 96 24
66 1 24
66 6 24
66 11 24
66 16 24
66 21 24
66 26 24
66 31 24
66 36 24
66 41 24
66 46 24
66 51 24
66 56 24
66 61 24
66 66 24
66 71 24
66 76 24
66 81 24
66 86 24
66 91 24
66 96 24
71 1 24
71 6 24
71 11 24
71 16 24
71 21 24
71 26 24
71 31 24
71 36 24
71 41 24
71 46 24
71 51 24
71 56 24
71 61 24
71 66 24
71 71 24
71 76 24
71 81 24
71 86 24
71 91 24
71 96 24
76 1 24
76 6 24
76 11 24
76 16 24
76 21 24
76 26 24
76 31 24
76 36 24
76 41 24
76 46 24
76 51 24
76 56 24
76 61 24
76 66 24
76 71 24
76 76 24
76 81 24
76 86 24
76 91 24
76 96 24
81 1 24
81 6 24
81 11 24
81 16 24
81 21 24
81 26 24
81 31 24
81 36 24
81 41 24
81 46 24
81 51 24
81 56 24
81 61 24
81 66 24
81 71 24
81 76 24
81 81 24
81 86 24
81 91 24
81 96 24
86 1 24
86 6 24
86 11 24
86 16 24
86 21 24
86 26 24
86 31 24
86 36 24
86 41 24
86 46 24
86 51 24
86 56 24
86 61 24
86 66 24
86 71 24
86 76 24
86 81 24
86 86 24
86 91 24
86 96 24
91 1 24
91 6 24
91 11 24
91 16 24
91 21 24
91 26 24
91 31 24
91 36 24
91 41 24
91 46 24
91 51 24
91 56 24
91 61 24
91 66 24
91 71 24
91 76 24
91 81 24
91 86 24
91 91 24
91 96 24
96 1 24
96 6 24
96 11 24
96 16 24
96 21 24
96 26 24
96 31 24
96 36 24
96 41 24
96 46 24
96 51 24
96 56 24
96 61 24
96 66 24
96 71 24
96 76 24
96 81 24
96 86 24
96 91 24
96 96 24
1 1 24
1 6 24
1 11 24
1 16 24
1 21 24
1 26 24
1 31 24
1 36 24
1 41 24
1 46 24
1 51 24
1 56 24
1 61 24
1 66 24
1 71 24
1 76 24
1 81 24
1 86 24
1 91 24
1 96 24
6 1 24
6 6 24
6 11 24
6 16 24
6 21 24
6 26 24
6 31 24
6 36 24
6 41 24
6 46 24
6 51 24
6 56 24
6 61 24
6 66 24
6 71 24
6 76 24
6 81 24
6 86 24
6 91 24
6 96 24
11 1 24
11 6 24
11 11 24
11 16 24
11 21 24
11 26 24
11 31 24
11 36 24
11 41 24
11 46 24
11 51 24
11 56 24
11 61 24
11 66 24
11 71 24
11 76 24
11 81 24
11 86 24
11 91 24
11 96 24
16 1 24
16 6 24
16 11 24
16 16 24
16 21 24
16 26 24
16 31 24
16 36 24
16 41 24
16 46 24
16 51 24
16 56 24
16 61 24
16 66 24
16 71 24
16 76 24
16 81 24
16 86 24
16 91 24
16 96 24
21 1 24
21 6 24
21 11 24
21 16 24
21 21 24
21 26 24
21 31 24
21 36 24
21 41 24
21 46 24
21 51 24
21 56 24
21 61 24
21 66 24
21 71 24
21 76 24
21 81 24
21 86 24
21 91 24
21 96 24
26 1 24
26 6 24
26 11 24
26 16 24
26 21 24
26 26 24
26 31 24
26 36 24
26 41 24
26 46 24
26 51 24
26 56 24
26 61 24
26 66 24
26 71 24
26 76 24
26 81 24
26 86 24
26 91 24
26 96 24
31 1 24
31 6 24
31 11 24
31 16 24
31 21 24
31 26 24
31 31 24
31 36 24
31 41 24
31 46 24
31 51 24
31 56 24
31 61 24
31 66 24
31 71 24
31 76 24
31 81 24
31 86 24
31 91 24
31 96 24
36 1 24
36 6 24
36 11 24
36 16 24
36 21 24
36 26 24
36 31 24
36 36 24
36 41 24
36 46 24
36 51 24
36 56 24
36 61 24
36 66 24
36 71 24
36 76 24
36 81 24
36 86 24
36 91 24
36 96 24
41 1 24
41 6 24
41 11 24
41 16 24
41 21 24
41 26 24
41 31 24
41 36 24
41 41 24
41 46 24
41 51 24
41 56 24
41 61 24
41 66 24
41 71 24
41 76 24
41 81 24
41 86 24
41 91 24
41 96 24
46 1 24
46 6 24
46 11 24
46 16 24
46 21 24
46 26 24
46 31 24
46 36 24
46 41 24
46 46 24
46 51 24
46 56 24
46 61 24
46 66 24
46 71 24
46 76 24
46 81 24
46 86 24
46 91 24
46 96 24
51 1 24
51 6 24
51 11 24
51 16 24
51 21 24
51 26 24
51 31 24
51 36 24
51 41 24
51 46 24
51 51 24
51 56 24
51 61 24
51 66 24
51 71 24
51 76 24
51 81 24
51 86 24
51 91 24
51 96 24
56 1 24
56 6 24
56 11 24
56 16 24
56 21 24
56 26 24
56 31 24
56 36 24
56 41 24
56 46 24
56 51 24
56 56 24
56 61 24
56 66 24
56 71 24
56 76 24
56 81 24
56 86 24
56 91 24
56 96 24
61 1 24
61 6 24
61 11 24
61 16 24
61 21 24
61 26 24
61 31 24
61 36 24
61 41 24
61 46 24
61 51 24
61 56 24
61 61 24
61 66 24
61 71 24
61 76 24
61 81 24
61 86 24
61 91 24
61 96 24
66 1 24
66 6 24
66 11 24
66 16 24
66 21 24
66 26 24
66 31 24
66 36 24
66 41 24
66 46 24
66 51 24
66 56 24
66 61 24
66 66 24
66 71 24
66 76 24
66 81 24
66 86 24
66 91 24
66 96 24
71 1 24
71 6 24
71 11 24
71 16 24
71 21 24
71 26 24
71 31 24
71 36 24
71 41 24
71 46 24
71 51 24
71 56 24
71 61 24
71 66 24
71 71 24
71 76 24
71 81 24
71 86 24
71 91 24
71 96 24
76 1 24
76 6 24
76 11 24
76 16 24
76 21 24
76 26 24
76 31 24
76 36 24
76 41 24
76 46 24
76 51 24
76 56 24
76 61 24
76 66 24
76 71 24
76 76 24
76 81 24
76 86 24
76 91 24
76 96 24
81 1 24
81 6 24
81 11 24
81 16 24
81 21 24
81 26 24
81 31 24
81 36 24
81 41 24
81 46 24
81 51 24
81 56 24
81 61 24
81 66 24
81 71 24
81 76 24
81 81 24
81 86 24
81 91 24
81 96 24
86 1 24
86 6 24
86 11 24
86 16 24
86 21 24
86 26 24
86 31 24
86 36 24
86 41 24
86 46 24
86 51 24
86 56 24
86 61 24
86 66 24
86 71 24
86 76 24
86 81 24
86 86 24
86 91 24
86 96 24
91 1 24
91 6 24
91 11 24
91 16 24
91 21 24
91 26 24
91 31 24
91 36 24
91 41 24
91 46 24
91 51 24
91 56 24
91 61 24
91 66 24
91 71 24
91 76 24
91 81 24
91 86 24
91 91 24
91 96 24
96 1 24
96 6 24
96 11 24
96 16 24
96 21 24
96 26 24
96 31 24
96 36 24
96 41 24
96 46 24
96 51 24
96 56 24
96 61 24
96 66 24
96 71 24
96 76 24
96 81 24
96 86 24
96 91 24
96 96 24
