1 1 0.000394
1 6 0.000335
1 11 0.000259
1 16 0.000277
1 21 0.000323
1 26 0.000261
1 31 0.000288
1 36 0.000292
1 41 0.00031
1 46 0.000309
1 51 0.000306
1 56 0.000275
1 61 0.000245
1 66 0.000296
1 71 0.000322
1 76 0.000378
1 81 0.000278
1 86 0.000297
1 91 0.000312
1 96 0.000256
6 1 0.000264
6 6 0.00024
6 11 0.00028
6 16 0.000331
6 21 0.000275
6 26 0.000276
6 31 0.000343
6 36 0.000296
6 41 0.00029
6 46 0.000314
6 51 0.000279
6 56 0.000277
6 61 0.000339
6 66 0.000334
6 71 0.000327
6 76 0.00031
6 81 0.000359
6 86 0.000279
6 91 0.00031
6 96 0.000337
11 1 0.000251
11 6 0.000248
11 11 0.000247
11 16 0.000267
11 21 0.000303
11 26 0.000282
11 31 0.000302
11 36 0.00031
11 41 0.000293
11 46 0.000265
11 51 0.000297
11 56 0.000307
11 61 0.000338
11 66 0.000284
11 71 0.000262
11 76 0.000248
11 81 0.000381
11 86 0.000361
11 91 0.000357
11 96 0.000314
16 1 0.000288
16 6 0.000289
16 11 0.000285
16 16 0.000287
16 21 0.000284
16 26 0.000317
16 31 0.000303
16 36 0.000327
16 41 0.000279
16 46 0.000267
16 51 0.0003
16 56 0.000344
16 61 0.000281
16 66 0.000269
16 71 0.000299
16 76 0.000296
16 81 0.000324
16 86 0.000286
16 91 0.000308
16 96 0.000272
21 1 0.000309
21 6 0.000326
21 11 0.000289
21 16 0.000308
21 21 0.000269
21 26 0.000291
21 31 0.000251
21 36 0.000289
21 41 0.000309
21 46 0.000294
21 51 0.000277
21 56 0.000272
21 61 0.000299
21 66 0.000259
21 71 0.000282
21 76 0.000262
21 81 0.000268
21 86 0.000344
21 91 0.000249
21 96 0.00026
26 1 0.000368
26 6 0.00027
26 11 0.000327
26 16 0.000268
26 21 0.000254
26 26 0.000298
26 31 0.000283
26 36 0.000308
26 41 0.0003
26 46 0.000298
26 51 0.000267
26 56 0.00028
26 61 0.00034
26 66 0.000282
26 71 0.000353
26 76 0.000272
26 81 0.000317
26 86 0.000287
26 91 0.000322
26 96 0.000324
31 1 0.000272
31 6 0.000253
31 11 0.000294
31 16 0.000283
31 21 0.000292
31 26 0.00026
31 31 0.000374
31 36 0.000305
31 41 0.000278
31 46 0.000229
31 51 0.000294
31 56 0.000325
31 61 0.000324
31 66 0.000294
31 71 0.000292
31 76 0.000278
31 81 0.00025
31 86 0.000317
31 91 0.000277
31 96 0.000264
36 1 0.000306
36 6 0.000333
36 11 0.000266
36 16 0.000258
36 21 0.000246
36 26 0.000278
36 31 0.000256
36 36 0.000287
36 41 0.000306
36 46 0.000264
36 51 0.000265
36 56 0.000284
36 61 0.000303
36 66 0.000262
36 71 0.00031
36 76 0.000258
36 81 0.000279
36 86 0.000321
36 91 0.000319
36 96 0.000308
41 1 0.000269
41 6 0.000254
41 11 0.000328
41 16 0.000327
41 21 0.000293
41 26 0.000265
41 31 0.000243
41 36 0.000289
41 41 0.000304
41 46 0.000285
41 51 0.000266
41 56 0.000256
41 61 0.000254
41 66 0.000264
41 71 0.00026
41 76 0.000251
41 81 0.000276
41 86 0.000301
41 91 0.000269
41 96 0.000315
46 1 0.000313
46 6 0.000354
46 11 0.000302
46 16 0.000266
46 21 0.0003
46 26 0.000301
46 31 0.000308
46 36 0.000286
46 41 0.00028
46 46 0.000285
46 51 0.000269
46 56 0.000335
46 61 0.000301
46 66 0.000277
46 71 0.000307
46 76 0.000312
46 81 0.00028
46 86 0.000297
46 91 0.000328
46 96 0.000302
51 1 0.000309
51 6 0.000296
51 11 0.000283
51 16 0.000265
51 21 0.000256
51 26 0.000285
51 31 0.000332
51 36 0.000327
51 41 0.000318
51 46 0.000328
51 51 0.000273
51 56 0.000335
51 61 0.000283
51 66 0.00028
51 71 0.000269
51 76 0.000335
51 81 0.000288
51 86 0.000273
51 91 0.000353
51 96 0.000382
56 1 0.000314
56 6 0.000316
56 11 0.000298
56 16 0.000314
56 21 0.00035
56 26 0.000301
56 31 0.000283
56 36 0.000348
56 41 0.000268
56 46 0.000265
56 51 0.000263
56 56 0.000303
56 61 0.000281
56 66 0.000299
56 71 0.00031
56 76 0.000342
56 81 0.000265
56 86 0.000268
56 91 0.000356
56 96 0.00029
61 1 0.000306
61 6 0.000355
61 11 0.00028
61 16 0.000288
61 21 0.000308
61 26 0.000257
61 31 0.000282
61 36 0.000343
61 41 0.000265
61 46 0.000277
61 51 0.000347
61 56 0.000278
61 61 0.000282
61 66 0.000308
61 71 0.000306
61 76 0.000279
61 81 0.000271
61 86 0.000283
61 91 0.000306
61 96 0.000282
66 1 0.000283
66 6 0.00029
66 11 0.00029
66 16 0.000284
66 21 0.000339
66 26 0.000289
66 31 0.000307
66 36 0.000436
66 41 0.000298
66 46 0.000304
66 51 0.000313
66 56 0.000317
66 61 0.000332
66 66 0.000303
66 71 0.00031
66 76 0.000277
66 81 0.000267
66 86 0.000267
66 91 0.000254
66 96 0.000312
71 1 0.000309
71 6 0.000274
71 11 0.000304
71 16 0.000332
71 21 0.000324
71 26 0.000308
71 31 0.000306
71 36 0.000361
71 41 0.000283
71 46 0.000303
71 51 0.000308
71 56 0.000283
71 61 0.000336
71 66 0.000282
71 71 0.000277
71 76 0.000335
71 81 0.000284
71 86 0.000283
71 91 0.0003
71 96 0.000264
76 1 0.000315
76 6 0.000231
76 11 0.000261
76 16 0.000256
76 21 0.000268
76 26 0.000312
76 31 0.000317
76 36 0.000257
76 41 0.00026
76 46 0.00027
76 51 0.000323
76 56 0.00029
76 61 0.000268
76 66 0.000367
76 71 0.000311
76 76 0.000268
76 81 0.000274
76 86 0.000261
76 91 0.000336
76 96 0.000313
81 1 0.000276
81 6 0.000247
81 11 0.000301
81 16 0.000302
81 21 0.000361
81 26 0.000301
81 31 0.000339
81 36 0.000311
81 41 0.000291
81 46 0.000294
81 51 0.00034
81 56 0.000317
81 61 0.000325
81 66 0.000272
81 71 0.000325
81 76 0.000329
81 81 0.000259
81 86 0.000301
81 91 0.000304
81 96 0.000284
86 1 0.000299
86 6 0.000289
86 11 0.000247
86 16 0.000248
86 21 0.000246
86 26 0.000286
86 31 0.000316
86 36 0.000291
86 41 0.0003
86 46 0.000276
86 51 0.000404
86 56 0.000404
86 61 0.000294
86 66 0.000342
86 71 0.000333
86 76 0.00026
86 81 0.000315
86 86 0.000322
86 91 0.000323
86 96 0.000307
91 1 0.000306
91 6 0.000299
91 11 0.000312
91 16 0.000292
91 21 0.000275
91 26 0.000274
91 31 0.000278
91 36 0.000363
91 41 0.000327
91 46 0.000375
91 51 0.000265
91 56 0.000271
91 61 0.000286
91 66 0.000326
91 71 0.000333
91 76 0.000291
91 81 0.000302
91 86 0.000308
91 91 0.000413
91 96 0.000294
96 1 0.000373
96 6 0.000271
96 11 0.000298
96 16 0.000294
96 21 0.000296
96 26 0.000346
96 31 0.000354
96 36 0.000372
96 41 0.000293
96 46 0.000474
96 51 0.000263
96 56 0.000277
96 61 0.000361
96 66 0.000299
96 71 0.000291
96 76 0.000277
96 81 0.000277
96 86 0.000306
96 91 0.000297
96 96 0.000263
1 1 0.000342
1 6 0.000312
1 11 0.000321
1 16 0.000287
1 21 0.000389
1 26 0.000263
1 31 0.000291
1 36 0.000289
1 41 0.000354
1 46 0.000276
1 51 0.000313
1 56 0.000308
1 61 0.00027
1 66 0.000302
1 71 0.000285
1 76 0.000281
1 81 0.000264
1 86 0.000247
1 91 0.000239
1 96 0.00026
6 1 0.000308
6 6 0.000276
6 11 0.00029
6 16 0.000261
6 21 0.000297
6 26 0.000427
6 31 0.000347
6 36 0.000289
6 41 0.000355
6 46 0.000304
6 51 0.000267
6 56 0.000302
6 61 0.000313
6 66 0.000269
6 71 0.000269
6 76 0.000302
6 81 0.000311
6 86 0.000263
6 91 0.000287
6 96 0.000314
11 1 0.000312
11 6 0.000324
11 11 0.000307
11 16 0.000273
11 21 0.000293
11 26 0.000297
11 31 0.000356
11 36 0.000317
11 41 0.000304
11 46 0.000304
11 51 0.000246
11 56 0.000382
11 61 0.000304
11 66 0.00025
11 71 0.000302
11 76 0.000313
11 81 0.000286
11 86 0.0003
11 91 0.000286
11 96 0.000277
16 1 0.000278
16 6 0.000322
16 11 0.000353
16 16 0.000282
16 21 0.000241
16 26 0.000287
16 31 0.000324
16 36 0.000273
16 41 0.000264
16 46 0.000295
16 51 0.0003
16 56 0.000243
16 61 0.000287
16 66 0.000275
16 71 0.000301
16 76 0.000263
16 81 0.000291
16 86 0.00024
16 91 0.000362
16 96 0.000259
21 1 0.00029
21 6 0.000291
21 11 0.000341
21 16 0.000397
21 21 0.000267
21 26 0.000279
21 31 0.000328
21 36 0.000317
21 41 0.000295
21 46 0.000272
21 51 0.000302
21 56 0.000408
21 61 0.000305
21 66 0.00029
21 71 0.000307
21 76 0.000309
21 81 0.000267
21 86 0.000308
21 91 0.000285
21 96 0.000302
26 1 0.000312
26 6 0.000273
26 11 0.000321
26 16 0.000254
26 21 0.000266
26 26 0.000257
26 31 0.000281
26 36 0.000277
26 41 0.000257
26 46 0.000298
26 51 0.000306
26 56 0.00029
26 61 0.000276
26 66 0.000302
26 71 0.000423
26 76 0.000314
26 81 0.000305
26 86 0.000285
26 91 0.000281
26 96 0.000256
31 1 0.000259
31 6 0.000308
31 11 0.000346
31 16 0.000279
31 21 0.000312
31 26 0.000284
31 31 0.000275
31 36 0.000352
31 41 0.000421
31 46 0.000408
31 51 0.000374
31 56 0.000295
31 61 0.000341
31 66 0.000445
31 71 0.000315
31 76 0.000266
31 81 0.000311
31 86 0.00034
31 91 0.000276
31 96 0.000287
36 1 0.000337
36 6 0.000299
36 11 0.000271
36 16 0.000285
36 21 0.000285
36 26 0.000269
36 31 0.000313
36 36 0.000282
36 41 0.000281
36 46 0.00029
36 51 0.00029
36 56 0.000291
36 61 0.000278
36 66 0.000276
36 71 0.000275
36 76 0.000261
36 81 0.000281
36 86 0.000263
36 91 0.000292
36 96 0.000274
41 1 0.000307
41 6 0.000304
41 11 0.00028
41 16 0.000272
41 21 0.000324
41 26 0.000297
41 31 0.000301
41 36 0.000263
41 41 0.000292
41 46 0.000311
41 51 0.000321
41 56 0.000311
41 61 0.000295
41 66 0.00027
41 71 0.000273
41 76 0.000293
41 81 0.000299
41 86 0.000309
41 91 0.000265
41 96 0.000255
46 1 0.000255
46 6 0.000275
46 11 0.000254
46 16 0.000342
46 21 0.00025
46 26 0.000251
46 31 0.000307
46 36 0.000255
46 41 0.000369
46 46 0.000276
46 51 0.00033
46 56 0.000281
46 61 0.000285
46 66 0.000265
46 71 0.000332
46 76 0.000262
46 81 0.000302
46 86 0.000317
46 91 0.000324
46 96 0.000283
51 1 0.000337
51 6 0.000326
51 11 0.000249
51 16 0.000237
51 21 0.000338
51 26 0.000271
51 31 0.000327
51 36 0.000306
51 41 0.000312
51 46 0.000279
51 51 0.000268
51 56 0.000309
51 61 0.000268
51 66 0.000306
51 71 0.000283
51 76 0.00029
51 81 0.000288
51 86 0.000328
51 91 0.00026
51 96 0.000285
56 1 0.000346
56 6 0.0003
56 11 0.00031
56 16 0.000345
56 21 0.000271
56 26 0.000302
56 31 0.000278
56 36 0.000263
56 41 0.000258
56 46 0.000288
56 51 0.000262
56 56 0.000262
56 61 0.000333
56 66 0.000304
56 71 0.000301
56 76 0.000292
56 81 0.000309
56 86 0.000302
56 91 0.000255
56 96 0.000324
61 1 0.000273
61 6 0.000298
61 11 0.000301
61 16 0.000254
61 21 0.00025
61 26 0.000405
61 31 0.000302
61 36 0.000308
61 41 0.00028
61 46 0.000378
61 51 0.000346
61 56 0.000301
61 61 0.000306
61 66 0.000316
61 71 0.00026
61 76 0.000289
61 81 0.000307
61 86 0.000271
61 91 0.000369
61 96 0.000295
66 1 0.000273
66 6 0.000322
66 11 0.00026
66 16 0.000293
66 21 0.000309
66 26 0.000301
66 31 0.000288
66 36 0.000293
66 41 0.000257
66 46 0.000279
66 51 0.000272
66 56 0.000293
66 61 0.000299
66 66 0.00031
66 71 0.00029
66 76 0.00029
66 81 0.000276
66 86 0.000282
66 91 0.000243
66 96 0.000307
71 1 0.000346
71 6 0.000304
71 11 0.000246
71 16 0.000313
71 21 0.000278
71 26 0.000307
71 31 0.00035
71 36 0.000264
71 41 0.000273
71 46 0.000278
71 51 0.000362
71 56 0.000265
71 61 0.00028
71 66 0.000284
71 71 0.000346
71 76 0.000379
71 81 0.000293
71 86 0.000308
71 91 0.00034
71 96 0.000284
76 1 0.000302
76 6 0.000293
76 11 0.000294
76 16 0.000302
76 21 0.000297
76 26 0.0003
76 31 0.000293
76 36 0.000291
76 41 0.000277
76 46 0.000304
76 51 0.000294
76 56 0.000252
76 61 0.000276
76 66 0.000234
76 71 0.000301
76 76 0.000303
76 81 0.000288
76 86 0.000278
76 91 0.00028
76 96 0.000305
81 1 0.000257
81 6 0.000286
81 11 0.000295
81 16 0.000296
81 21 0.000296
81 26 0.000292
81 31 0.000244
81 36 0.000238
81 41 0.000264
81 46 0.000312
81 51 0.000271
81 56 0.000413
81 61 0.000316
81 66 0.000247
81 71 0.000306
81 76 0.000355
81 81 0.000317
81 86 0.000378
81 91 0.00031
81 96 0.000323
86 1 0.000376
86 6 0.000291
86 11 0.000278
86 16 0.000253
86 21 0.000278
86 26 0.00026
86 31 0.000325
86 36 0.000277
86 41 0.000307
86 46 0.00027
86 51 0.000322
86 56 0.000327
86 61 0.00036
86 66 0.000343
86 71 0.000387
86 76 0.000296
86 81 0.000281
86 86 0.000255
86 91 0.000265
86 96 0.000262
91 1 0.000297
91 6 0.000262
91 11 0.000262
91 16 0.000286
91 21 0.0003
91 26 0.000278
91 31 0.000282
91 36 0.000266
91 41 0.000337
91 46 0.000264
91 51 0.000345
91 56 0.000344
91 61 0.000282
91 66 0.000276
91 71 0.000282
91 76 0.000231
91 81 0.000288
91 86 0.000236
91 91 0.000253
91 96 0.000259
96 1 0.000245
96 6 0.000217
96 11 0.000267
96 16 0.000233
96 21 0.000352
96 26 0.000291
96 31 0.000298
96 36 0.000291
96 41 0.000286
96 46 0.000276
96 51 0.000276
96 56 0.00027
96 61 0.000249
96 66 0.000232
96 71 0.000289
96 76 0.000306
96 81 0.000367
96 86 0.000303
96 91 0.000246
96 96 0.000259
1 1 0.000284
1 6 0.000304
1 11 0.000238
1 16 0.000275
1 21 0.000272
1 26 0.00026
1 31 0.000268
1 36 0.00027
1 41 0.000237
1 46 0.000325
1 51 0.000247
1 56 0.000356
1 61 0.000299
1 66 0.00033
1 71 0.000362
1 76 0.000305
1 81 0.000258
1 86 0.000329
1 91 0.000399
1 96 0.000389
6 1 0.000372
6 6 0.000307
6 11 0.000295
6 16 0.000303
6 21 0.000476
6 26 0.00036
6 31 0.000314
6 36 0.000262
6 41 0.000417
6 46 0.000382
6 51 0.000295
6 56 0.000267
6 61 0.000316
6 66 0.000284
6 71 0.000252
6 76 0.000267
6 81 0.000308
6 86 0.000281
6 91 0.000369
6 96 0.000254
11 1 0.000281
11 6 0.000304
11 11 0.00037
11 16 0.000308
11 21 0.000304
11 26 0.000282
11 31 0.000262
11 36 0.000281
11 41 0.000332
11 46 0.000279
11 51 0.000354
11 56 0.000255
11 61 0.000265
11 66 0.000305
11 71 0.000335
11 76 0.000348
11 81 0.000252
11 86 0.000283
11 91 0.000271
11 96 0.000316
16 1 0.000269
16 6 0.000363
16 11 0.000296
16 16 0.000297
16 21 0.000237
16 26 0.00025
16 31 0.000231
16 36 0.000294
16 41 0.000269
16 46 0.000343
16 51 0.000328
16 56 0.000274
16 61 0.000271
16 66 0.000298
16 71 0.000257
16 76 0.000281
16 81 0.000277
16 86 0.000252
16 91 0.000293
16 96 0.000243
21 1 0.00026
21 6 0.000242
21 11 0.000284
21 16 0.000293
21 21 0.000292
21 26 0.000276
21 31 0.00026
21 36 0.000297
21 41 0.000292
21 46 0.000248
21 51 0.000264
21 56 0.000264
21 61 0.000317
21 66 0.000302
21 71 0.000279
21 76 0.000279
21 81 0.000276
21 86 0.000335
21 91 0.000254
21 96 0.000253
26 1 0.000358
26 6 0.000254
26 11 0.000308
26 16 0.000285
26 21 0.000231
26 26 0.000233
26 31 0.000258
26 36 0.00027
26 41 0.000287
26 46 0.000259
26 51 0.00029
26 56 0.00032
26 61 0.000271
26 66 0.000413
26 71 0.0003
26 76 0.000295
26 81 0.000281
26 86 0.00027
26 91 0.000316
26 96 0.000293
31 1 0.000279
31 6 0.000295
31 11 0.000229
31 16 0.000237
31 21 0.000268
31 26 0.000234
31 31 0.000291
31 36 0.000238
31 41 0.000244
31 46 0.000254
31 51 0.000263
31 56 0.000371
31 61 0.000286
31 66 0.000313
31 71 0.000295
31 76 0.000311
31 81 0.000333
31 86 0.000262
31 91 0.000252
31 96 0.000268
36 1 0.000355
36 6 0.000268
36 11 0.000281
36 16 0.000265
36 21 0.000264
36 26 0.000275
36 31 0.000297
36 36 0.000283
36 41 0.000313
36 46 0.000271
36 51 0.000352
36 56 0.000258
36 61 0.000349
36 66 0.000309
36 71 0.000295
36 76 0.00041
36 81 0.000267
36 86 0.000255
36 91 0.000267
36 96 0.000271
41 1 0.000361
41 6 0.000327
41 11 0.000328
41 16 0.000308
41 21 0.000346
41 26 0.00033
41 31 0.000348
41 36 0.00027
41 41 0.000351
41 46 0.000316
41 51 0.000329
41 56 0.000324
41 61 0.00029
41 66 0.000296
41 71 0.000354
41 76 0.000333
41 81 0.000372
41 86 0.000307
41 91 0.000317
41 96 0.000252
46 1 0.000294
46 6 0.000282
46 11 0.000299
46 16 0.000311
46 21 0.000254
46 26 0.000258
46 31 0.000239
46 36 0.000294
46 41 0.000338
46 46 0.000269
46 51 0.000388
46 56 0.000282
46 61 0.000303
46 66 0.000331
46 71 0.000375
46 76 0.000292
46 81 0.000267
46 86 0.000349
46 91 0.000261
46 96 0.000275
51 1 0.000275
51 6 0.000324
51 11 0.000341
51 16 0.000269
51 21 0.000279
51 26 0.000272
51 31 0.000316
51 36 0.000293
51 41 0.000321
51 46 0.000293
51 51 0.000279
51 56 0.000362
51 61 0.00028
51 66 0.00029
51 71 0.00052
51 76 0.000319
51 81 0.000344
51 86 0.000262
51 91 0.000341
51 96 0.000272
56 1 0.00026
56 6 0.000301
56 11 0.000339
56 16 0.000264
56 21 0.000259
56 26 0.00028
56 31 0.000285
56 36 0.000274
56 41 0.000282
56 46 0.000305
56 51 0.000271
56 56 0.000272
56 61 0.000288
56 66 0.000295
56 71 0.000298
56 76 0.00039
56 81 0.000327
56 86 0.000265
56 91 0.000236
56 96 0.000315
61 1 0.000317
61 6 0.000308
61 11 0.000278
61 16 0.00031
61 21 0.000291
61 26 0.000282
61 31 0.000273
61 36 0.000276
61 41 0.00033
61 46 0.000313
61 51 0.000263
61 56 0.000354
61 61 0.000268
61 66 0.000282
61 71 0.000371
61 76 0.000374
61 81 0.000352
61 86 0.000246
61 91 0.000263
61 96 0.000257
66 1 0.000269
66 6 0.000267
66 11 0.00028
66 16 0.000244
66 21 0.000358
66 26 0.000266
66 31 0.000245
66 36 0.000306
66 41 0.000337
66 46 0.000297
66 51 0.000273
66 56 0.000286
66 61 0.000315
66 66 0.000305
66 71 0.000299
66 76 0.000328
66 81 0.000312
66 86 0.000363
66 91 0.000284
66 96 0.000292
71 1 0.000268
71 6 0.000279
71 11 0.000277
71 16 0.00029
71 21 0.000272
71 26 0.000329
71 31 0.000282
71 36 0.000296
71 41 0.000273
71 46 0.000359
71 51 0.000307
71 56 0.000271
71 61 0.000284
71 66 0.000305
71 71 0.000283
71 76 0.000287
71 81 0.000285
71 86 0.000292
71 91 0.000266
71 96 0.000311
76 1 0.000284
76 6 0.000267
76 11 0.000307
76 16 0.000266
76 21 0.000268
76 26 0.000359
76 31 0.000262
76 36 0.000338
76 41 0.000275
76 46 0.000356
76 51 0.000292
76 56 0.000303
76 61 0.00026
76 66 0.000349
76 71 0.000393
76 76 0.000308
76 81 0.000274
76 86 0.000288
76 91 0.000295
76 96 0.000309
81 1 0.000248
81 6 0.000267
81 11 0.000347
81 16 0.000334
81 21 0.000308
81 26 0.000266
81 31 0.000261
81 36 0.000278
81 41 0.000341
81 46 0.000253
81 51 0.000316
81 56 0.000271
81 61 0.000267
81 66 0.000312
81 71 0.00042
81 76 0.000297
81 81 0.00039
81 86 0.000257
81 91 0.000253
81 96 0.000259
86 1 0.000331
86 6 0.00027
86 11 0.000289
86 16 0.000264
86 21 0.000304
86 26 0.000343
86 31 0.000273
86 36 0.000273
86 41 0.000244
86 46 0.000244
86 51 0.000257
86 56 0.000254
86 61 0.000272
86 66 0.000305
86 71 0.000343
86 76 0.000272
86 81 0.000356
86 86 0.000262
86 91 0.000306
86 96 0.000302
91 1 0.000325
91 6 0.000254
91 11 0.000255
91 16 0.000253
91 21 0.000271
91 26 0.000265
91 31 0.00034
91 36 0.000262
91 41 0.000262
91 46 0.000254
91 51 0.000366
91 56 0.000344
91 61 0.000286
91 66 0.000302
91 71 0.000292
91 76 0.000331
91 81 0.000396
91 86 0.000372
91 91 0.000248
91 96 0.000266
96 1 0.000355
96 6 0.000327
96 11 0.000256
96 16 0.000324
96 21 0.000394
96 26 0.000347
96 31 0.000289
96 36 0.000287
96 41 0.000314
96 46 0.00031
96 51 0.000297
96 56 0.000383
96 61 0.000255
96 66 0.000278
96 71 0.000268
96 76 0.000258
96 81 0.00026
96 86 0.00036
96 91 0.000249
96 96 0.00026
