1 1 32
1 6 152
1 11 272
1 16 392
1 21 512
1 26 632
1 31 752
1 36 872
1 41 992
1 46 1112
1 51 1232
1 56 1352
1 61 1472
1 66 1592
1 71 1712
1 76 1832
1 81 1952
1 86 2072
1 91 2192
1 96 2312
6 1 32
6 6 152
6 11 272
6 16 392
6 21 512
6 26 632
6 31 752
6 36 872
6 41 992
6 46 1112
6 51 1232
6 56 1352
6 61 1472
6 66 1592
6 71 1712
6 76 1832
6 81 1952
6 86 2072
6 91 2192
6 96 2312
11 1 32
11 6 152
11 11 272
11 16 392
11 21 512
11 26 632
11 31 752
11 36 872
11 41 992
11 46 1112
11 51 1232
11 56 1352
11 61 1472
11 66 1592
11 71 1712
11 76 1832
11 81 1952
11 86 2072
11 91 2192
11 96 2312
16 1 32
16 6 152
16 11 272
16 16 392
16 21 512
16 26 632
16 31 752
16 36 872
16 41 992
16 46 1112
16 51 1232
16 56 1352
16 61 1472
16 66 1592
16 71 1712
16 76 1832
16 81 1952
16 86 2072
16 91 2192
16 96 2312
21 1 32
21 6 152
21 11 272
21 16 392
21 21 512
21 26 632
21 31 752
21 36 872
21 41 992
21 46 1112
21 51 1232
21 56 1352
21 61 1472
21 66 1592
21 71 1712
21 76 1832
21 81 1952
21 86 2072
21 91 2192
21 96 2312
26 1 32
26 6 152
26 11 272
26 16 392
26 21 512
26 26 632
26 31 752
26 36 872
26 41 992
26 46 1112
26 51 1232
26 56 1352
26 61 1472
26 66 1592
26 71 1712
26 76 1832
26 81 1952
26 86 2072
26 91 2192
26 96 2312
31 1 32
31 6 152
31 11 272
31 16 392
31 21 512
31 26 632
31 31 752
31 36 872
31 41 992
31 46 1112
31 51 1232
31 56 1352
31 61 1472
31 66 1592
31 71 1712
31 76 1832
31 81 1952
31 86 2072
31 91 2192
31 96 2312
36 1 32
36 6 152
36 11 272
36 16 392
36 21 512
36 26 632
36 31 752
36 36 872
36 41 992
36 46 1112
36 51 1232
36 56 1352
36 61 1472
36 66 1592
36 71 1712
36 76 1832
36 81 1952
36 86 2072
36 91 2192
36 96 2312
41 1 32
41 6 152
41 11 272
41 16 392
41 21 512
41 26 632
41 31 752
41 36 872
41 41 992
41 46 1112
41 51 1232
41 56 1352
41 61 1472
41 66 1592
41 71 1712
41 76 1832
41 81 1952
41 86 2072
41 91 2192
41 96 2312
46 1 32
46 6 152
46 11 272
46 16 392
46 21 512
46 26 632
46 31 752
46 36 872
46 41 992
46 46 1112
46 51 1232
46 56 1352
46 61 1472
46 66 1592
46 71 1712
46 76 1832
46 81 1952
46 86 2072
46 91 2192
46 96 2312
51 1 32
51 6 152
51 11 272
51 16 392
51 21 512
51 26 632
51 31 752
51 36 872
51 41 992
51 46 1112
51 51 1232
51 56 1352
51 61 1472
51 66 1592
51 71 1712
51 76 1832
51 81 1952
51 86 2072
51 91 2192
51 96 2312
56 1 32
56 6 152
56 11 272
56 16 392
56 21 512
56 26 632
56 31 752
56 36 872
56 41 992
56 46 1112
56 51 1232
56 56 1352
56 61 1472
56 66 1592
56 71 1712
56 76 1832
56 81 1952
56 86 2072
56 91 2192
56 96 2312
61 1 32
61 6 152
61 11 272
61 16 392
61 21 512
61 26 632
61 31 752
61 36 872
61 41 992
61 46 1112
61 51 1232
61 56 1352
61 61 1472
61 66 1592
61 71 1712
61 76 1832
61 81 1952
61 86 2072
61 91 2192
61 96 2312
66 1 32
66 6 152
66 11 272
66 16 392
66 21 512
66 26 632
66 31 752
66 36 872
66 41 992
66 46 1112
66 51 1232
66 56 1352
66 61 1472
66 66 1592
66 71 1712
66 76 1832
66 81 1952
66 86 2072
66 91 2192
66 96 2312
71 1 32
71 6 152
71 11 272
71 16 392
71 21 512
71 26 632
71 31 752
71 36 872
71 41 992
71 46 1112
71 51 1232
71 56 1352
71 61 1472
71 66 1592
71 71 1712
71 76 1832
71 81 1952
71 86 2072
71 91 2192
71 96 2312
76 1 32
76 6 152
76 11 272
76 16 392
76 21 512
76 26 632
76 31 752
76 36 872
76 41 992
76 46 1112
76 51 1232
76 56 1352
76 61 1472
76 66 1592
76 71 1712
76 76 1832
76 81 1952
76 86 2072
76 91 2192
76 96 2312
81 1 32
81 6 152
81 11 272
81 16 392
81 21 512
81 26 632
81 31 752
81 36 872
81 41 992
81 46 1112
81 51 1232
81 56 1352
81 61 1472
81 66 1592
81 71 1712
81 76 1832
81 81 1952
81 86 2072
81 91 2192
81 96 2312
86 1 32
86 6 152
86 11 272
86 16 392
86 21 512
86 26 632
86 31 752
86 36 872
86 41 992
86 46 1112
86 51 1232
86 56 1352
86 61 1472
86 66 1592
86 71 1712
86 76 1832
86 81 1952
86 86 2072
86 91 2192
86 96 2312
91 1 32
91 6 152
91 11 272
91 16 392
91 21 512
91 26 632
91 31 752
91 36 872
91 41 992
91 46 1112
91 51 1232
91 56 1352
91 61 1472
91 66 1592
91 71 1712
91 76 1832
91 81 1952
91 86 2072
91 91 2192
91 96 2312
96 1 32
96 6 152
96 11 272
96 16 392
96 21 512
96 26 632
96 31 752
96 36 872
96 41 992
96 46 1112
96 51 1232
96 56 1352
96 61 1472
96 66 1592
96 71 1712
96 76 1832
96 81 1952
96 86 2072
96 91 2192
96 96 2312
