1 1 9
1 6 40
1 11 92
1 16 183
1 21 284
1 26 419
1 31 593
1 36 758
1 41 911
1 46 1276
1 51 1398
1 56 2068
1 61 2026
1 66 2321
1 71 3365
1 76 3160
1 81 3700
1 86 6357
1 91 6000
1 96 5239
6 1 10
6 6 43
6 11 91
6 16 164
6 21 393
6 26 383
6 31 589
6 36 775
6 41 978
6 46 1124
6 51 1760
6 56 1680
6 61 2120
6 66 2372
6 71 2849
6 76 3484
6 81 3668
6 86 3881
6 91 4508
6 96 4967
11 1 9
11 6 40
11 11 91
11 16 238
11 21 265
11 26 391
11 31 566
11 36 816
11 41 928
11 46 1454
11 51 1533
11 56 1744
11 61 2179
11 66 2493
11 71 2753
11 76 3356
11 81 4040
11 86 3952
11 91 4360
11 96 4983
16 1 9
16 6 40
16 11 91
16 16 166
16 21 319
16 26 390
16 31 680
16 36 754
16 41 962
16 46 1160
16 51 1427
16 56 1738
16 61 1938
16 66 3512
16 71 3402
16 76 3063
16 81 3636
16 86 4023
16 91 4647
16 96 5088
21 1 10
21 6 41
21 11 89
21 16 165
21 21 408
21 26 385
21 31 577
21 36 1070
21 41 960
21 46 1128
21 51 1372
21 56 1735
21 61 1948
21 66 2344
21 71 2940
21 76 3537
21 81 3448
21 86 4045
21 91 5063
21 96 5408
26 1 9
26 6 41
26 11 94
26 16 173
26 21 267
26 26 415
26 31 809
26 36 723
26 41 933
26 46 1768
26 51 1592
26 56 1726
26 61 2307
26 66 2952
26 71 2745
26 76 3036
26 81 3980
26 86 4715
26 91 4968
26 96 5085
31 1 10
31 6 41
31 11 88
31 16 236
31 21 263
31 26 586
31 31 546
31 36 730
31 41 939
31 46 1170
31 51 1372
31 56 1661
31 61 1968
31 66 2407
31 71 3615
31 76 3359
31 81 3647
31 86 3888
31 91 4507
31 96 5257
36 1 10
36 6 42
36 11 129
36 16 165
36 21 267
36 26 426
36 31 540
36 36 725
36 41 903
36 46 1145
36 51 1461
36 56 1794
36 61 1950
36 66 2751
36 71 3013
36 76 3304
36 81 4372
36 86 4286
36 91 4670
36 96 5091
41 1 9
41 6 56
41 11 92
41 16 164
41 21 270
41 26 439
41 31 527
41 36 842
41 41 902
41 46 1164
41 51 1530
41 56 1733
41 61 2558
41 66 2361
41 71 2702
41 76 3128
41 81 3492
41 86 3890
41 91 4398
41 96 4928
46 1 14
46 6 42
46 11 98
46 16 223
46 21 268
46 26 416
46 31 544
46 36 726
46 41 973
46 46 1170
46 51 1633
46 56 1642
46 61 2023
46 66 2557
46 71 3150
46 76 3068
46 81 3557
46 86 4016
46 91 5756
46 96 5308
51 1 15
51 6 40
51 11 91
51 16 209
51 21 266
51 26 434
51 31 785
51 36 725
51 41 934
51 46 1192
51 51 1375
51 56 2057
51 61 2065
51 66 2404
51 71 3086
51 76 3129
51 81 3525
51 86 5069
51 91 5386
51 96 5836
56 1 9
56 6 42
56 11 91
56 16 180
56 21 290
56 26 392
56 31 559
56 36 703
56 41 928
56 46 1429
56 51 1373
56 56 2248
56 61 2004
56 66 3233
56 71 2640
56 76 3064
56 81 3593
56 86 4828
56 91 5369
56 96 6001
61 1 9
61 6 41
61 11 119
61 16 267
61 21 255
61 26 400
61 31 543
61 36 754
61 41 996
61 46 1124
61 51 1424
61 56 1650
61 61 2043
61 66 2441
61 71 3181
61 76 3422
61 81 3524
61 86 3937
61 91 4459
61 96 4837
66 1 10
66 6 51
66 11 95
66 16 171
66 21 265
66 26 376
66 31 542
66 36 780
66 41 1463
66 46 1248
66 51 1396
66 56 2533
66 61 1947
66 66 3067
66 71 2705
66 76 3130
66 81 4533
66 86 4971
66 91 4746
66 96 5068
71 1 10
71 6 42
71 11 87
71 16 233
71 21 253
71 26 413
71 31 539
71 36 736
71 41 938
71 46 1127
71 51 1587
71 56 1703
71 61 1949
71 66 2368
71 71 3938
71 76 3105
71 81 4671
71 86 4680
71 91 4365
71 96 4871
76 1 10
76 6 45
76 11 87
76 16 172
76 21 268
76 26 407
76 31 529
76 36 844
76 41 941
76 46 1229
76 51 1422
76 56 2317
76 61 2031
76 66 2828
76 71 2767
76 76 3118
76 81 3768
76 86 4035
76 91 4730
76 96 4946
81 1 9
81 6 42
81 11 93
81 16 163
81 21 261
81 26 393
81 31 528
81 36 815
81 41 926
81 46 1323
81 51 1376
81 56 1727
81 61 2225
81 66 2285
81 71 3073
81 76 3211
81 81 3571
81 86 4016
81 91 4643
81 96 5021
86 1 10
86 6 39
86 11 87
86 16 251
86 21 264
86 26 403
86 31 642
86 36 732
86 41 931
86 46 1732
86 51 1364
86 56 1729
86 61 2011
86 66 2533
86 71 2916
86 76 3122
86 81 3544
86 86 4261
86 91 4755
86 96 6163
91 1 10
91 6 42
91 11 92
91 16 166
91 21 255
91 26 385
91 31 521
91 36 704
91 41 933
91 46 1556
91 51 1424
91 56 1819
91 61 2534
91 66 2287
91 71 2785
91 76 4920
91 81 4176
91 86 3870
91 91 4532
91 96 5090
96 1 9
96 6 38
96 11 145
96 16 191
96 21 317
96 26 588
96 31 780
96 36 832
96 41 1317
96 46 1172
96 51 1414
96 56 1648
96 61 2002
96 66 2751
96 71 2777
96 76 3308
96 81 3689
96 86 4109
96 91 4812
96 96 5341
