2 2 21
2 7 46
2 12 134
2 17 254
2 22 385
2 27 551
2 32 830
2 37 1037
2 42 1452
2 47 1576
2 52 1746
2 57 1960
2 62 2144
2 67 2952
2 72 3199
2 77 3856
2 82 4542
2 87 4688
2 92 5440
2 97 6254
7 2 14
7 7 44
7 12 108
7 17 378
7 22 280
7 27 511
7 32 687
7 37 874
7 42 984
7 47 1876
7 52 1644
7 57 2038
7 62 2462
7 67 3686
7 72 3298
7 77 4316
7 82 4076
7 87 4267
7 92 5715
7 97 5734
12 2 14
12 7 66
12 12 108
12 17 195
12 22 271
12 27 432
12 32 697
12 37 874
12 42 1008
12 47 1437
12 52 1723
12 57 1832
12 62 2486
12 67 2846
12 72 3069
12 77 3442
12 82 3875
12 87 4198
12 92 5851
12 97 5934
17 2 14
17 7 44
17 12 107
17 17 196
17 22 288
17 27 477
17 32 686
17 37 890
17 42 1414
17 47 1485
17 52 1597
17 57 1772
17 62 2324
17 67 2929
17 72 3115
17 77 3569
17 82 3969
17 87 5203
17 92 5278
17 97 6816
22 2 14
22 7 41
22 12 105
22 17 275
22 22 286
22 27 453
22 32 683
22 37 798
22 42 1383
22 47 1365
22 52 1582
22 57 1864
22 62 2182
22 67 2839
22 72 3207
22 77 3511
22 82 3910
22 87 4673
22 92 5415
22 97 6589
27 2 14
27 7 43
27 12 140
27 17 201
27 22 286
27 27 495
27 32 686
27 37 802
27 42 1023
27 47 1401
27 52 1627
27 57 1853
27 62 2083
27 67 2777
27 72 3051
27 77 3312
27 82 3663
27 87 4529
27 92 6115
27 97 5810
32 2 14
32 7 41
32 12 106
32 17 203
32 22 288
32 27 458
32 32 738
32 37 824
32 42 1017
32 47 1379
32 52 1680
32 57 1819
32 62 2163
32 67 2799
32 72 3082
32 77 3350
32 82 3920
32 87 4472
32 92 5824
32 97 5881
37 2 14
37 7 80
37 12 191
37 17 203
37 22 344
37 27 499
37 32 713
37 37 827
37 42 962
37 47 1402
37 52 1566
37 57 2132
37 62 2043
37 67 2735
37 72 3046
37 77 3364
37 82 3644
37 87 4463
37 92 5297
37 97 6944
42 2 13
42 7 42
42 12 109
42 17 191
42 22 282
42 27 482
42 32 688
42 37 846
42 42 945
42 47 1346
42 52 1519
42 57 2062
42 62 2058
42 67 2861
42 72 3193
42 77 3487
42 82 3682
42 87 4592
42 92 5377
42 97 6123
47 2 14
47 7 42
47 12 104
47 17 202
47 22 420
47 27 429
47 32 684
47 37 797
47 42 962
47 47 1378
47 52 1705
47 57 1764
47 62 2058
47 67 3621
47 72 4027
47 77 3571
47 82 3732
47 87 4117
47 92 6030
47 97 5680
52 2 14
52 7 49
52 12 105
52 17 288
52 22 288
52 27 498
52 32 677
52 37 798
52 42 1066
52 47 1400
52 52 1587
52 57 2033
52 62 2052
52 67 2767
52 72 3048
52 77 3371
52 82 3681
52 87 4794
52 92 5379
52 97 6821
57 2 14
57 7 42
57 12 108
57 17 190
57 22 316
57 27 430
57 32 722
57 37 798
57 42 1070
57 47 1405
57 52 1718
57 57 2141
57 62 2065
57 67 2928
57 72 3090
57 77 3366
57 82 3714
57 87 4538
57 92 5613
57 97 5840
62 2 13
62 7 62
62 12 110
62 17 203
62 22 276
62 27 430
62 32 665
62 37 834
62 42 1091
62 47 1402
62 52 1707
62 57 1901
62 62 2149
62 67 3018
62 72 3076
62 77 3542
62 82 3987
62 87 4424
62 92 5340
62 97 5925
67 2 15
67 7 42
67 12 105
67 17 202
67 22 273
67 27 598
67 32 922
67 37 931
67 42 969
67 47 1405
67 52 1722
67 57 1879
67 62 2034
67 67 2856
67 72 3158
67 77 3393
67 82 5205
67 87 4189
67 92 5501
67 97 5822
72 2 14
72 7 44
72 12 106
72 17 194
72 22 284
72 27 446
72 32 704
72 37 982
72 42 1204
72 47 1365
72 52 1591
72 57 2167
72 62 2034
72 67 2938
72 72 3157
72 77 3336
72 82 3681
72 87 4429
72 92 5606
72 97 5954
77 2 13
77 7 42
77 12 113
77 17 201
77 22 388
77 27 453
77 32 696
77 37 799
77 42 952
77 47 1438
77 52 1710
77 57 1833
77 62 2054
77 67 2787
77 72 3089
77 77 3380
77 82 3674
77 87 4428
77 92 5488
77 97 6043
82 2 44
82 7 42
82 12 110
82 17 196
82 22 275
82 27 459
82 32 690
82 37 934
82 42 1061
82 47 1396
82 52 1801
82 57 1913
82 62 2324
82 67 3153
82 72 3671
82 77 4079
82 82 4655
82 87 4075
82 92 5684
82 97 5685
87 2 20
87 7 70
87 12 123
87 17 202
87 22 285
87 27 443
87 32 877
87 37 795
87 42 984
87 47 1563
87 52 1622
87 57 1794
87 62 2049
87 67 2727
87 72 3037
87 77 3410
87 82 3693
87 87 5115
87 92 5325
87 97 6164
92 2 14
92 7 43
92 12 114
92 17 343
92 22 284
92 27 446
92 32 667
92 37 802
92 42 1514
92 47 1488
92 52 1641
92 57 1805
92 62 2084
92 67 2771
92 72 3048
92 77 3399
92 82 4006
92 87 5104
92 92 5273
92 97 5683
97 2 14
97 7 44
97 12 109
97 17 195
97 22 286
97 27 447
97 32 682
97 37 842
97 42 1373
97 47 1974
97 52 1614
97 57 1920
97 62 2068
97 67 2809
97 72 3092
97 77 3427
97 82 4216
97 87 4206
97 92 5300
97 97 5716
