 1 1 1
 1 2 2
 1 3 3
 1 4 4
 1 5 5
 1 6 6
 1 7 7
 1 8 8
 1 9 9
 1 10 10
 2 1 4
 2 2 8
 2 3 12
 2 4 16
 2 5 20
 2 6 24
 2 7 28
 2 8 32
 2 9 36
 2 10 40
 3 1 9
 3 2 18
 3 3 27
 3 4 36
 3 5 45
 3 6 54
 3 7 63
 3 8 72
 3 9 81
 3 10 90
 4 1 16
 4 2 32
 4 3 48
 4 4 64
 4 5 80
 4 6 96
 4 7 112
 4 8 128
 4 9 144
 4 10 160
 5 1 25
 5 2 50
 5 3 75
 5 4 100
 5 5 125
 5 6 150
 5 7 175
 5 8 200
 5 9 225
 5 10 250
 6 1 36
 6 2 72
 6 3 108
 6 4 144
 6 5 180
 6 6 216
 6 7 252
 6 8 288
 6 9 324
 6 10 360
 7 1 49
 7 2 98
 7 3 147
 7 4 196
 7 5 245
 7 6 294
 7 7 343
 7 8 392
 7 9 441
 7 10 490
 8 1 64
 8 2 128
 8 3 192
 8 4 256
 8 5 320
 8 6 384
 8 7 448
 8 8 512
 8 9 576
 8 10 640
 9 1 81
 9 2 162
 9 3 243
 9 4 324
 9 5 405
 9 6 486
 9 7 567
 9 8 648
 9 9 729
 9 10 810
 10 1 100
 10 2 200
 10 3 300
 10 4 400
 10 5 500
 10 6 600
 10 7 700
 10 8 800
 10 9 900
 10 10 1000
