 0 89 61 
 0 89 61 
 1 67 27 
 0 89 61 
 1 67 27 
 2 74 15 
 0 89 61 
 1 67 27 
 2 74 15 
 3 68 28 
 0 89 61 
 1 67 27 
 2 74 15 
 3 68 28 
 4 29 39 
 0 89 61 
 1 67 27 
 2 74 15 
 3 68 28 
 4 29 39 
 5 46 50 
 0 89 61 
 1 67 27 
 2 74 15 
 3 68 28 
 4 29 39 
 5 46 50 
 6 66 70 
 0 89 61 
 1 67 27 
 2 74 15 
 3 68 28 
 4 29 39 
 5 46 50 
 6 66 70 
 7 15 88 
 0 89 61 
 1 67 27 
 2 74 15 
 3 68 28 
 4 29 39 
 5 46 50 
 6 66 70 
 7 15 88 
 8 50 52 
 0 89 61 
 1 67 27 
 2 74 15 
 3 68 28 
 4 29 39 
 5 46 50 
 6 66 70 
 7 15 88 
 8 50 52 
 9 52 30 
 0 89 61 
 1 67 27 
 2 74 15 
 3 68 28 
 4 29 39 
 5 46 50 
 6 66 70 
 7 15 88 
 8 50 52 
 9 52 30 
 10 3 82 
 0 89 61 
 1 67 27 
 2 74 15 
 3 68 28 
 4 29 39 
 5 46 50 
 6 66 70 
 7 15 88 
 8 50 52 
 9 52 30 
 10 3 82 
 11 4 91 
 0 89 61 
 1 67 27 
 2 74 15 
 3 68 28 
 4 29 39 
 5 46 50 
 6 66 70 
 7 15 88 
 8 50 52 
 9 52 30 
 10 3 82 
 11 4 91 
 12 87 46 
 0 89 61 
 1 67 27 
 2 74 15 
 3 68 28 
 4 29 39 
 5 46 50 
 6 66 70 
 7 15 88 
 8 50 52 
 9 52 30 
 10 3 82 
 11 4 91 
 12 87 46 
 13 48 81 
 0 89 61 
 1 67 27 
 2 74 15 
 3 68 28 
 4 29 39 
 5 46 50 
 6 66 70 
 7 15 88 
 8 50 52 
 9 52 30 
 10 3 82 
 11 4 91 
 12 87 46 
 13 48 81 
 14 82 77 
 0 89 61 
 1 67 27 
 2 74 15 
 3 68 28 
 4 29 39 
 5 46 50 
 6 66 70 
 7 15 88 
 8 50 52 
 9 52 30 
 10 3 82 
 11 4 91 
 12 87 46 
 13 48 81 
 14 82 77 
 15 20 73 
 0 89 61 
 1 67 27 
 2 74 15 
 3 68 28 
 4 29 39 
 5 46 50 
 6 66 70 
 7 15 88 
 8 50 52 
 9 52 30 
 10 3 82 
 11 4 91 
 12 87 46 
 13 48 81 
 14 82 77 
 15 20 73 
 16 44 86 
 0 89 61 
 1 67 27 
 2 74 15 
 3 68 28 
 4 29 39 
 5 46 50 
 6 66 70 
 7 15 88 
 8 50 52 
 9 52 30 
 10 3 82 
 11 4 91 
 12 87 46 
 13 48 81 
 14 82 77 
 15 20 73 
 16 44 86 
 17 70 20 
 0 89 61 
 1 67 27 
 2 74 15 
 3 68 28 
 4 29 39 
 5 46 50 
 6 66 70 
 7 15 88 
 8 50 52 
 9 52 30 
 10 3 82 
 11 4 91 
 12 87 46 
 13 48 81 
 14 82 77 
 15 20 73 
 16 44 86 
 17 70 20 
 18 6 8 
 0 89 61 
 1 67 27 
 2 74 15 
 3 68 28 
 4 29 39 
 5 46 50 
 6 66 70 
 7 15 88 
 8 50 52 
 9 52 30 
 10 3 82 
 11 4 91 
 12 87 46 
 13 48 81 
 14 82 77 
 15 20 73 
 16 44 86 
 17 70 20 
 18 6 8 
 19 18 2 
 0 89 61 
 1 67 27 
 2 74 15 
 3 68 28 
 4 29 39 
 5 46 50 
 6 66 70 
 7 15 88 
 8 50 52 
 9 52 30 
 10 3 82 
 11 4 91 
 12 87 46 
 13 48 81 
 14 82 77 
 15 20 73 
 16 44 86 
 17 70 20 
 18 6 8 
 19 18 2 
 20 48 30 
 0 89 61 
 1 67 27 
 2 74 15 
 3 68 28 
 4 29 39 
 5 46 50 
 6 66 70 
 7 15 88 
 8 50 52 
 9 52 30 
 10 3 82 
 11 4 91 
 12 87 46 
 13 48 81 
 14 82 77 
 15 20 73 
 16 44 86 
 17 70 20 
 18 6 8 
 19 18 2 
 20 48 30 
 21 21 16 
 0 89 61 
 1 67 27 
 2 74 15 
 3 68 28 
 4 29 39 
 5 46 50 
 6 66 70 
 7 15 88 
 8 50 52 
 9 52 30 
 10 3 82 
 11 4 91 
 12 87 46 
 13 48 81 
 14 82 77 
 15 20 73 
 16 44 86 
 17 70 20 
 18 6 8 
 19 18 2 
 20 48 30 
 21 21 16 
 22 6 35 
 0 89 61 
 1 67 27 
 2 74 15 
 3 68 28 
 4 29 39 
 5 46 50 
 6 66 70 
 7 15 88 
 8 50 52 
 9 52 30 
 10 3 82 
 11 4 91 
 12 87 46 
 13 48 81 
 14 82 77 
 15 20 73 
 16 44 86 
 17 70 20 
 18 6 8 
 19 18 2 
 20 48 30 
 21 21 16 
 22 6 35 
 23 74 54 
 0 89 61 
 1 67 27 
 2 74 15 
 3 68 28 
 4 29 39 
 5 46 50 
 6 66 70 
 7 15 88 
 8 50 52 
 9 52 30 
 10 3 82 
 11 4 91 
 12 87 46 
 13 48 81 
 14 82 77 
 15 20 73 
 16 44 86 
 17 70 20 
 18 6 8 
 19 18 2 
 20 48 30 
 21 21 16 
 22 6 35 
 23 74 54 
 24 56 28 
 0 89 61 
 1 67 27 
 2 74 15 
 3 68 28 
 4 29 39 
 5 46 50 
 6 66 70 
 7 15 88 
 8 50 52 
 9 52 30 
 10 3 82 
 11 4 91 
 12 87 46 
 13 48 81 
 14 82 77 
 15 20 73 
 16 44 86 
 17 70 20 
 18 6 8 
 19 18 2 
 20 48 30 
 21 21 16 
 22 6 35 
 23 74 54 
 24 56 28 
 25 53 57 
 0 89 61 
 1 67 27 
 2 74 15 
 3 68 28 
 4 29 39 
 5 46 50 
 6 66 70 
 7 15 88 
 8 50 52 
 9 52 30 
 10 3 82 
 11 4 91 
 12 87 46 
 13 48 81 
 14 82 77 
 15 20 73 
 16 44 86 
 17 70 20 
 18 6 8 
 19 18 2 
 20 48 30 
 21 21 16 
 22 6 35 
 23 74 54 
 24 56 28 
 25 53 57 
 26 79 55 
 0 89 61 
 1 67 27 
 2 74 15 
 3 68 28 
 4 29 39 
 5 46 50 
 6 66 70 
 7 15 88 
 8 50 52 
 9 52 30 
 10 3 82 
 11 4 91 
 12 87 46 
 13 48 81 
 14 82 77 
 15 20 73 
 16 44 86 
 17 70 20 
 18 6 8 
 19 18 2 
 20 48 30 
 21 21 16 
 22 6 35 
 23 74 54 
 24 56 28 
 25 53 57 
 26 79 55 
 27 21 36 
 0 89 61 
 1 67 27 
 2 74 15 
 3 68 28 
 4 29 39 
 5 46 50 
 6 66 70 
 7 15 88 
 8 50 52 
 9 52 30 
 10 3 82 
 11 4 91 
 12 87 46 
 13 48 81 
 14 82 77 
 15 20 73 
 16 44 86 
 17 70 20 
 18 6 8 
 19 18 2 
 20 48 30 
 21 21 16 
 22 6 35 
 23 74 54 
 24 56 28 
 25 53 57 
 26 79 55 
 27 21 36 
 28 70 67 
 0 89 61 
 1 67 27 
 2 74 15 
 3 68 28 
 4 29 39 
 5 46 50 
 6 66 70 
 7 15 88 
 8 50 52 
 9 52 30 
 10 3 82 
 11 4 91 
 12 87 46 
 13 48 81 
 14 82 77 
 15 20 73 
 16 44 86 
 17 70 20 
 18 6 8 
 19 18 2 
 20 48 30 
 21 21 16 
 22 6 35 
 23 74 54 
 24 56 28 
 25 53 57 
 26 79 55 
 27 21 36 
 28 70 67 
 29 22 54 
 0 89 61 
 1 67 27 
 2 74 15 
 3 68 28 
 4 29 39 
 5 46 50 
 6 66 70 
 7 15 88 
 8 50 52 
 9 52 30 
 10 3 82 
 11 4 91 
 12 87 46 
 13 48 81 
 14 82 77 
 15 20 73 
 16 44 86 
 17 70 20 
 18 6 8 
 19 18 2 
 20 48 30 
 21 21 16 
 22 6 35 
 23 74 54 
 24 56 28 
 25 53 57 
 26 79 55 
 27 21 36 
 28 70 67 
 29 22 54 
 30 50 41 
 0 89 61 
 1 67 27 
 2 74 15 
 3 68 28 
 4 29 39 
 5 46 50 
 6 66 70 
 7 15 88 
 8 50 52 
 9 52 30 
 10 3 82 
 11 4 91 
 12 87 46 
 13 48 81 
 14 82 77 
 15 20 73 
 16 44 86 
 17 70 20 
 18 6 8 
 19 18 2 
 20 48 30 
 21 21 16 
 22 6 35 
 23 74 54 
 24 56 28 
 25 53 57 
 26 79 55 
 27 21 36 
 28 70 67 
 29 22 54 
 30 50 41 
 31 0 60 
 0 89 61 
 1 67 27 
 2 74 15 
 3 68 28 
 4 29 39 
 5 46 50 
 6 66 70 
 7 15 88 
 8 50 52 
 9 52 30 
 10 3 82 
 11 4 91 
 12 87 46 
 13 48 81 
 14 82 77 
 15 20 73 
 16 44 86 
 17 70 20 
 18 6 8 
 19 18 2 
 20 48 30 
 21 21 16 
 22 6 35 
 23 74 54 
 24 56 28 
 25 53 57 
 26 79 55 
 27 21 36 
 28 70 67 
 29 22 54 
 30 50 41 
 31 0 60 
 32 0 68 
 0 89 61 
 1 67 27 
 2 74 15 
 3 68 28 
 4 29 39 
 5 46 50 
 6 66 70 
 7 15 88 
 8 50 52 
 9 52 30 
 10 3 82 
 11 4 91 
 12 87 46 
 13 48 81 
 14 82 77 
 15 20 73 
 16 44 86 
 17 70 20 
 18 6 8 
 19 18 2 
 20 48 30 
 21 21 16 
 22 6 35 
 23 74 54 
 24 56 28 
 25 53 57 
 26 79 55 
 27 21 36 
 28 70 67 
 29 22 54 
 30 50 41 
 31 0 60 
 32 0 68 
 33 81 68 
 0 89 61 
 1 67 27 
 2 74 15 
 3 68 28 
 4 29 39 
 5 46 50 
 6 66 70 
 7 15 88 
 8 50 52 
 9 52 30 
 10 3 82 
 11 4 91 
 12 87 46 
 13 48 81 
 14 82 77 
 15 20 73 
 16 44 86 
 17 70 20 
 18 6 8 
 19 18 2 
 20 48 30 
 21 21 16 
 22 6 35 
 23 74 54 
 24 56 28 
 25 53 57 
 26 79 55 
 27 21 36 
 28 70 67 
 29 22 54 
 30 50 41 
 31 0 60 
 32 0 68 
 33 81 68 
 34 77 1 
 0 89 61 
 1 67 27 
 2 74 15 
 3 68 28 
 4 29 39 
 5 46 50 
 6 66 70 
 7 15 88 
 8 50 52 
 9 52 30 
 10 3 82 
 11 4 91 
 12 87 46 
 13 48 81 
 14 82 77 
 15 20 73 
 16 44 86 
 17 70 20 
 18 6 8 
 19 18 2 
 20 48 30 
 21 21 16 
 22 6 35 
 23 74 54 
 24 56 28 
 25 53 57 
 26 79 55 
 27 21 36 
 28 70 67 
 29 22 54 
 30 50 41 
 31 0 60 
 32 0 68 
 33 81 68 
 34 77 1 
 35 39 92 
 0 89 61 
 1 67 27 
 2 74 15 
 3 68 28 
 4 29 39 
 5 46 50 
 6 66 70 
 7 15 88 
 8 50 52 
 9 52 30 
 10 3 82 
 11 4 91 
 12 87 46 
 13 48 81 
 14 82 77 
 15 20 73 
 16 44 86 
 17 70 20 
 18 6 8 
 19 18 2 
 20 48 30 
 21 21 16 
 22 6 35 
 23 74 54 
 24 56 28 
 25 53 57 
 26 79 55 
 27 21 36 
 28 70 67 
 29 22 54 
 30 50 41 
 31 0 60 
 32 0 68 
 33 81 68 
 34 77 1 
 35 39 92 
 36 33 59 
 0 89 61 
 1 67 27 
 2 74 15 
 3 68 28 
 4 29 39 
 5 46 50 
 6 66 70 
 7 15 88 
 8 50 52 
 9 52 30 
 10 3 82 
 11 4 91 
 12 87 46 
 13 48 81 
 14 82 77 
 15 20 73 
 16 44 86 
 17 70 20 
 18 6 8 
 19 18 2 
 20 48 30 
 21 21 16 
 22 6 35 
 23 74 54 
 24 56 28 
 25 53 57 
 26 79 55 
 27 21 36 
 28 70 67 
 29 22 54 
 30 50 41 
 31 0 60 
 32 0 68 
 33 81 68 
 34 77 1 
 35 39 92 
 36 33 59 
 37 77 5 
 0 89 61 
 1 67 27 
 2 74 15 
 3 68 28 
 4 29 39 
 5 46 50 
 6 66 70 
 7 15 88 
 8 50 52 
 9 52 30 
 10 3 82 
 11 4 91 
 12 87 46 
 13 48 81 
 14 82 77 
 15 20 73 
 16 44 86 
 17 70 20 
 18 6 8 
 19 18 2 
 20 48 30 
 21 21 16 
 22 6 35 
 23 74 54 
 24 56 28 
 25 53 57 
 26 79 55 
 27 21 36 
 28 70 67 
 29 22 54 
 30 50 41 
 31 0 60 
 32 0 68 
 33 81 68 
 34 77 1 
 35 39 92 
 36 33 59 
 37 77 5 
 38 63 53 
 0 89 61 
 1 67 27 
 2 74 15 
 3 68 28 
 4 29 39 
 5 46 50 
 6 66 70 
 7 15 88 
 8 50 52 
 9 52 30 
 10 3 82 
 11 4 91 
 12 87 46 
 13 48 81 
 14 82 77 
 15 20 73 
 16 44 86 
 17 70 20 
 18 6 8 
 19 18 2 
 20 48 30 
 21 21 16 
 22 6 35 
 23 74 54 
 24 56 28 
 25 53 57 
 26 79 55 
 27 21 36 
 28 70 67 
 29 22 54 
 30 50 41 
 31 0 60 
 32 0 68 
 33 81 68 
 34 77 1 
 35 39 92 
 36 33 59 
 37 77 5 
 38 63 53 
 39 60 85 
 0 89 61 
 1 67 27 
 2 74 15 
 3 68 28 
 4 29 39 
 5 46 50 
 6 66 70 
 7 15 88 
 8 50 52 
 9 52 30 
 10 3 82 
 11 4 91 
 12 87 46 
 13 48 81 
 14 82 77 
 15 20 73 
 16 44 86 
 17 70 20 
 18 6 8 
 19 18 2 
 20 48 30 
 21 21 16 
 22 6 35 
 23 74 54 
 24 56 28 
 25 53 57 
 26 79 55 
 27 21 36 
 28 70 67 
 29 22 54 
 30 50 41 
 31 0 60 
 32 0 68 
 33 81 68 
 34 77 1 
 35 39 92 
 36 33 59 
 37 77 5 
 38 63 53 
 39 60 85 
 40 82 79 
 0 89 61 
 1 67 27 
 2 74 15 
 3 68 28 
 4 29 39 
 5 46 50 
 6 66 70 
 7 15 88 
 8 50 52 
 9 52 30 
 10 3 82 
 11 4 91 
 12 87 46 
 13 48 81 
 14 82 77 
 15 20 73 
 16 44 86 
 17 70 20 
 18 6 8 
 19 18 2 
 20 48 30 
 21 21 16 
 22 6 35 
 23 74 54 
 24 56 28 
 25 53 57 
 26 79 55 
 27 21 36 
 28 70 67 
 29 22 54 
 30 50 41 
 31 0 60 
 32 0 68 
 33 81 68 
 34 77 1 
 35 39 92 
 36 33 59 
 37 77 5 
 38 63 53 
 39 60 85 
 40 82 79 
 41 15 31 
 0 89 61 
 1 67 27 
 2 74 15 
 3 68 28 
 4 29 39 
 5 46 50 
 6 66 70 
 7 15 88 
 8 50 52 
 9 52 30 
 10 3 82 
 11 4 91 
 12 87 46 
 13 48 81 
 14 82 77 
 15 20 73 
 16 44 86 
 17 70 20 
 18 6 8 
 19 18 2 
 20 48 30 
 21 21 16 
 22 6 35 
 23 74 54 
 24 56 28 
 25 53 57 
 26 79 55 
 27 21 36 
 28 70 67 
 29 22 54 
 30 50 41 
 31 0 60 
 32 0 68 
 33 81 68 
 34 77 1 
 35 39 92 
 36 33 59 
 37 77 5 
 38 63 53 
 39 60 85 
 40 82 79 
 41 15 31 
 42 7 35 
 0 89 61 
 1 67 27 
 2 74 15 
 3 68 28 
 4 29 39 
 5 46 50 
 6 66 70 
 7 15 88 
 8 50 52 
 9 52 30 
 10 3 82 
 11 4 91 
 12 87 46 
 13 48 81 
 14 82 77 
 15 20 73 
 16 44 86 
 17 70 20 
 18 6 8 
 19 18 2 
 20 48 30 
 21 21 16 
 22 6 35 
 23 74 54 
 24 56 28 
 25 53 57 
 26 79 55 
 27 21 36 
 28 70 67 
 29 22 54 
 30 50 41 
 31 0 60 
 32 0 68 
 33 81 68 
 34 77 1 
 35 39 92 
 36 33 59 
 37 77 5 
 38 63 53 
 39 60 85 
 40 82 79 
 41 15 31 
 42 7 35 
 43 69 75 
 0 89 61 
 1 67 27 
 2 74 15 
 3 68 28 
 4 29 39 
 5 46 50 
 6 66 70 
 7 15 88 
 8 50 52 
 9 52 30 
 10 3 82 
 11 4 91 
 12 87 46 
 13 48 81 
 14 82 77 
 15 20 73 
 16 44 86 
 17 70 20 
 18 6 8 
 19 18 2 
 20 48 30 
 21 21 16 
 22 6 35 
 23 74 54 
 24 56 28 
 25 53 57 
 26 79 55 
 27 21 36 
 28 70 67 
 29 22 54 
 30 50 41 
 31 0 60 
 32 0 68 
 33 81 68 
 34 77 1 
 35 39 92 
 36 33 59 
 37 77 5 
 38 63 53 
 39 60 85 
 40 82 79 
 41 15 31 
 42 7 35 
 43 69 75 
 44 71 89 
 0 89 61 
 1 67 27 
 2 74 15 
 3 68 28 
 4 29 39 
 5 46 50 
 6 66 70 
 7 15 88 
 8 50 52 
 9 52 30 
 10 3 82 
 11 4 91 
 12 87 46 
 13 48 81 
 14 82 77 
 15 20 73 
 16 44 86 
 17 70 20 
 18 6 8 
 19 18 2 
 20 48 30 
 21 21 16 
 22 6 35 
 23 74 54 
 24 56 28 
 25 53 57 
 26 79 55 
 27 21 36 
 28 70 67 
 29 22 54 
 30 50 41 
 31 0 60 
 32 0 68 
 33 81 68 
 34 77 1 
 35 39 92 
 36 33 59 
 37 77 5 
 38 63 53 
 39 60 85 
 40 82 79 
 41 15 31 
 42 7 35 
 43 69 75 
 44 71 89 
 45 2 87 
 0 89 61 
 1 67 27 
 2 74 15 
 3 68 28 
 4 29 39 
 5 46 50 
 6 66 70 
 7 15 88 
 8 50 52 
 9 52 30 
 10 3 82 
 11 4 91 
 12 87 46 
 13 48 81 
 14 82 77 
 15 20 73 
 16 44 86 
 17 70 20 
 18 6 8 
 19 18 2 
 20 48 30 
 21 21 16 
 22 6 35 
 23 74 54 
 24 56 28 
 25 53 57 
 26 79 55 
 27 21 36 
 28 70 67 
 29 22 54 
 30 50 41 
 31 0 60 
 32 0 68 
 33 81 68 
 34 77 1 
 35 39 92 
 36 33 59 
 37 77 5 
 38 63 53 
 39 60 85 
 40 82 79 
 41 15 31 
 42 7 35 
 43 69 75 
 44 71 89 
 45 2 87 
 46 3 0 
 0 89 61 
 1 67 27 
 2 74 15 
 3 68 28 
 4 29 39 
 5 46 50 
 6 66 70 
 7 15 88 
 8 50 52 
 9 52 30 
 10 3 82 
 11 4 91 
 12 87 46 
 13 48 81 
 14 82 77 
 15 20 73 
 16 44 86 
 17 70 20 
 18 6 8 
 19 18 2 
 20 48 30 
 21 21 16 
 22 6 35 
 23 74 54 
 24 56 28 
 25 53 57 
 26 79 55 
 27 21 36 
 28 70 67 
 29 22 54 
 30 50 41 
 31 0 60 
 32 0 68 
 33 81 68 
 34 77 1 
 35 39 92 
 36 33 59 
 37 77 5 
 38 63 53 
 39 60 85 
 40 82 79 
 41 15 31 
 42 7 35 
 43 69 75 
 44 71 89 
 45 2 87 
 46 3 0 
 47 52 1 
 0 89 61 
 1 67 27 
 2 74 15 
 3 68 28 
 4 29 39 
 5 46 50 
 6 66 70 
 7 15 88 
 8 50 52 
 9 52 30 
 10 3 82 
 11 4 91 
 12 87 46 
 13 48 81 
 14 82 77 
 15 20 73 
 16 44 86 
 17 70 20 
 18 6 8 
 19 18 2 
 20 48 30 
 21 21 16 
 22 6 35 
 23 74 54 
 24 56 28 
 25 53 57 
 26 79 55 
 27 21 36 
 28 70 67 
 29 22 54 
 30 50 41 
 31 0 60 
 32 0 68 
 33 81 68 
 34 77 1 
 35 39 92 
 36 33 59 
 37 77 5 
 38 63 53 
 39 60 85 
 40 82 79 
 41 15 31 
 42 7 35 
 43 69 75 
 44 71 89 
 45 2 87 
 46 3 0 
 47 52 1 
 48 38 36 
 0 89 61 
 1 67 27 
 2 74 15 
 3 68 28 
 4 29 39 
 5 46 50 
 6 66 70 
 7 15 88 
 8 50 52 
 9 52 30 
 10 3 82 
 11 4 91 
 12 87 46 
 13 48 81 
 14 82 77 
 15 20 73 
 16 44 86 
 17 70 20 
 18 6 8 
 19 18 2 
 20 48 30 
 21 21 16 
 22 6 35 
 23 74 54 
 24 56 28 
 25 53 57 
 26 79 55 
 27 21 36 
 28 70 67 
 29 22 54 
 30 50 41 
 31 0 60 
 32 0 68 
 33 81 68 
 34 77 1 
 35 39 92 
 36 33 59 
 37 77 5 
 38 63 53 
 39 60 85 
 40 82 79 
 41 15 31 
 42 7 35 
 43 69 75 
 44 71 89 
 45 2 87 
 46 3 0 
 47 52 1 
 48 38 36 
 49 39 81 
 0 89 61 
 1 67 27 
 2 74 15 
 3 68 28 
 4 29 39 
 5 46 50 
 6 66 70 
 7 15 88 
 8 50 52 
 9 52 30 
 10 3 82 
 11 4 91 
 12 87 46 
 13 48 81 
 14 82 77 
 15 20 73 
 16 44 86 
 17 70 20 
 18 6 8 
 19 18 2 
 20 48 30 
 21 21 16 
 22 6 35 
 23 74 54 
 24 56 28 
 25 53 57 
 26 79 55 
 27 21 36 
 28 70 67 
 29 22 54 
 30 50 41 
 31 0 60 
 32 0 68 
 33 81 68 
 34 77 1 
 35 39 92 
 36 33 59 
 37 77 5 
 38 63 53 
 39 60 85 
 40 82 79 
 41 15 31 
 42 7 35 
 43 69 75 
 44 71 89 
 45 2 87 
 46 3 0 
 47 52 1 
 48 38 36 
 49 39 81 
 50 6 76 
 0 89 61 
 1 67 27 
 2 74 15 
 3 68 28 
 4 29 39 
 5 46 50 
 6 66 70 
 7 15 88 
 8 50 52 
 9 52 30 
 10 3 82 
 11 4 91 
 12 87 46 
 13 48 81 
 14 82 77 
 15 20 73 
 16 44 86 
 17 70 20 
 18 6 8 
 19 18 2 
 20 48 30 
 21 21 16 
 22 6 35 
 23 74 54 
 24 56 28 
 25 53 57 
 26 79 55 
 27 21 36 
 28 70 67 
 29 22 54 
 30 50 41 
 31 0 60 
 32 0 68 
 33 81 68 
 34 77 1 
 35 39 92 
 36 33 59 
 37 77 5 
 38 63 53 
 39 60 85 
 40 82 79 
 41 15 31 
 42 7 35 
 43 69 75 
 44 71 89 
 45 2 87 
 46 3 0 
 47 52 1 
 48 38 36 
 49 39 81 
 50 6 76 
 51 78 5 
 0 89 61 
 1 67 27 
 2 74 15 
 3 68 28 
 4 29 39 
 5 46 50 
 6 66 70 
 7 15 88 
 8 50 52 
 9 52 30 
 10 3 82 
 11 4 91 
 12 87 46 
 13 48 81 
 14 82 77 
 15 20 73 
 16 44 86 
 17 70 20 
 18 6 8 
 19 18 2 
 20 48 30 
 21 21 16 
 22 6 35 
 23 74 54 
 24 56 28 
 25 53 57 
 26 79 55 
 27 21 36 
 28 70 67 
 29 22 54 
 30 50 41 
 31 0 60 
 32 0 68 
 33 81 68 
 34 77 1 
 35 39 92 
 36 33 59 
 37 77 5 
 38 63 53 
 39 60 85 
 40 82 79 
 41 15 31 
 42 7 35 
 43 69 75 
 44 71 89 
 45 2 87 
 46 3 0 
 47 52 1 
 48 38 36 
 49 39 81 
 50 6 76 
 51 78 5 
 52 8 58 
 0 89 61 
 1 67 27 
 2 74 15 
 3 68 28 
 4 29 39 
 5 46 50 
 6 66 70 
 7 15 88 
 8 50 52 
 9 52 30 
 10 3 82 
 11 4 91 
 12 87 46 
 13 48 81 
 14 82 77 
 15 20 73 
 16 44 86 
 17 70 20 
 18 6 8 
 19 18 2 
 20 48 30 
 21 21 16 
 22 6 35 
 23 74 54 
 24 56 28 
 25 53 57 
 26 79 55 
 27 21 36 
 28 70 67 
 29 22 54 
 30 50 41 
 31 0 60 
 32 0 68 
 33 81 68 
 34 77 1 
 35 39 92 
 36 33 59 
 37 77 5 
 38 63 53 
 39 60 85 
 40 82 79 
 41 15 31 
 42 7 35 
 43 69 75 
 44 71 89 
 45 2 87 
 46 3 0 
 47 52 1 
 48 38 36 
 49 39 81 
 50 6 76 
 51 78 5 
 52 8 58 
 53 11 69 
 0 89 61 
 1 67 27 
 2 74 15 
 3 68 28 
 4 29 39 
 5 46 50 
 6 66 70 
 7 15 88 
 8 50 52 
 9 52 30 
 10 3 82 
 11 4 91 
 12 87 46 
 13 48 81 
 14 82 77 
 15 20 73 
 16 44 86 
 17 70 20 
 18 6 8 
 19 18 2 
 20 48 30 
 21 21 16 
 22 6 35 
 23 74 54 
 24 56 28 
 25 53 57 
 26 79 55 
 27 21 36 
 28 70 67 
 29 22 54 
 30 50 41 
 31 0 60 
 32 0 68 
 33 81 68 
 34 77 1 
 35 39 92 
 36 33 59 
 37 77 5 
 38 63 53 
 39 60 85 
 40 82 79 
 41 15 31 
 42 7 35 
 43 69 75 
 44 71 89 
 45 2 87 
 46 3 0 
 47 52 1 
 48 38 36 
 49 39 81 
 50 6 76 
 51 78 5 
 52 8 58 
 53 11 69 
 54 80 37 
 0 89 61 
 1 67 27 
 2 74 15 
 3 68 28 
 4 29 39 
 5 46 50 
 6 66 70 
 7 15 88 
 8 50 52 
 9 52 30 
 10 3 82 
 11 4 91 
 12 87 46 
 13 48 81 
 14 82 77 
 15 20 73 
 16 44 86 
 17 70 20 
 18 6 8 
 19 18 2 
 20 48 30 
 21 21 16 
 22 6 35 
 23 74 54 
 24 56 28 
 25 53 57 
 26 79 55 
 27 21 36 
 28 70 67 
 29 22 54 
 30 50 41 
 31 0 60 
 32 0 68 
 33 81 68 
 34 77 1 
 35 39 92 
 36 33 59 
 37 77 5 
 38 63 53 
 39 60 85 
 40 82 79 
 41 15 31 
 42 7 35 
 43 69 75 
 44 71 89 
 45 2 87 
 46 3 0 
 47 52 1 
 48 38 36 
 49 39 81 
 50 6 76 
 51 78 5 
 52 8 58 
 53 11 69 
 54 80 37 
 55 27 33 
 0 89 61 
 1 67 27 
 2 74 15 
 3 68 28 
 4 29 39 
 5 46 50 
 6 66 70 
 7 15 88 
 8 50 52 
 9 52 30 
 10 3 82 
 11 4 91 
 12 87 46 
 13 48 81 
 14 82 77 
 15 20 73 
 16 44 86 
 17 70 20 
 18 6 8 
 19 18 2 
 20 48 30 
 21 21 16 
 22 6 35 
 23 74 54 
 24 56 28 
 25 53 57 
 26 79 55 
 27 21 36 
 28 70 67 
 29 22 54 
 30 50 41 
 31 0 60 
 32 0 68 
 33 81 68 
 34 77 1 
 35 39 92 
 36 33 59 
 37 77 5 
 38 63 53 
 39 60 85 
 40 82 79 
 41 15 31 
 42 7 35 
 43 69 75 
 44 71 89 
 45 2 87 
 46 3 0 
 47 52 1 
 48 38 36 
 49 39 81 
 50 6 76 
 51 78 5 
 52 8 58 
 53 11 69 
 54 80 37 
 55 27 33 
 56 21 41 
 0 89 61 
 1 67 27 
 2 74 15 
 3 68 28 
 4 29 39 
 5 46 50 
 6 66 70 
 7 15 88 
 8 50 52 
 9 52 30 
 10 3 82 
 11 4 91 
 12 87 46 
 13 48 81 
 14 82 77 
 15 20 73 
 16 44 86 
 17 70 20 
 18 6 8 
 19 18 2 
 20 48 30 
 21 21 16 
 22 6 35 
 23 74 54 
 24 56 28 
 25 53 57 
 26 79 55 
 27 21 36 
 28 70 67 
 29 22 54 
 30 50 41 
 31 0 60 
 32 0 68 
 33 81 68 
 34 77 1 
 35 39 92 
 36 33 59 
 37 77 5 
 38 63 53 
 39 60 85 
 40 82 79 
 41 15 31 
 42 7 35 
 43 69 75 
 44 71 89 
 45 2 87 
 46 3 0 
 47 52 1 
 48 38 36 
 49 39 81 
 50 6 76 
 51 78 5 
 52 8 58 
 53 11 69 
 54 80 37 
 55 27 33 
 56 21 41 
 57 65 90 
 0 89 61 
 1 67 27 
 2 74 15 
 3 68 28 
 4 29 39 
 5 46 50 
 6 66 70 
 7 15 88 
 8 50 52 
 9 52 30 
 10 3 82 
 11 4 91 
 12 87 46 
 13 48 81 
 14 82 77 
 15 20 73 
 16 44 86 
 17 70 20 
 18 6 8 
 19 18 2 
 20 48 30 
 21 21 16 
 22 6 35 
 23 74 54 
 24 56 28 
 25 53 57 
 26 79 55 
 27 21 36 
 28 70 67 
 29 22 54 
 30 50 41 
 31 0 60 
 32 0 68 
 33 81 68 
 34 77 1 
 35 39 92 
 36 33 59 
 37 77 5 
 38 63 53 
 39 60 85 
 40 82 79 
 41 15 31 
 42 7 35 
 43 69 75 
 44 71 89 
 45 2 87 
 46 3 0 
 47 52 1 
 48 38 36 
 49 39 81 
 50 6 76 
 51 78 5 
 52 8 58 
 53 11 69 
 54 80 37 
 55 27 33 
 56 21 41 
 57 65 90 
 58 77 36 
 0 89 61 
 1 67 27 
 2 74 15 
 3 68 28 
 4 29 39 
 5 46 50 
 6 66 70 
 7 15 88 
 8 50 52 
 9 52 30 
 10 3 82 
 11 4 91 
 12 87 46 
 13 48 81 
 14 82 77 
 15 20 73 
 16 44 86 
 17 70 20 
 18 6 8 
 19 18 2 
 20 48 30 
 21 21 16 
 22 6 35 
 23 74 54 
 24 56 28 
 25 53 57 
 26 79 55 
 27 21 36 
 28 70 67 
 29 22 54 
 30 50 41 
 31 0 60 
 32 0 68 
 33 81 68 
 34 77 1 
 35 39 92 
 36 33 59 
 37 77 5 
 38 63 53 
 39 60 85 
 40 82 79 
 41 15 31 
 42 7 35 
 43 69 75 
 44 71 89 
 45 2 87 
 46 3 0 
 47 52 1 
 48 38 36 
 49 39 81 
 50 6 76 
 51 78 5 
 52 8 58 
 53 11 69 
 54 80 37 
 55 27 33 
 56 21 41 
 57 65 90 
 58 77 36 
 59 70 18 
 0 89 61 
 1 67 27 
 2 74 15 
 3 68 28 
 4 29 39 
 5 46 50 
 6 66 70 
 7 15 88 
 8 50 52 
 9 52 30 
 10 3 82 
 11 4 91 
 12 87 46 
 13 48 81 
 14 82 77 
 15 20 73 
 16 44 86 
 17 70 20 
 18 6 8 
 19 18 2 
 20 48 30 
 21 21 16 
 22 6 35 
 23 74 54 
 24 56 28 
 25 53 57 
 26 79 55 
 27 21 36 
 28 70 67 
 29 22 54 
 30 50 41 
 31 0 60 
 32 0 68 
 33 81 68 
 34 77 1 
 35 39 92 
 36 33 59 
 37 77 5 
 38 63 53 
 39 60 85 
 40 82 79 
 41 15 31 
 42 7 35 
 43 69 75 
 44 71 89 
 45 2 87 
 46 3 0 
 47 52 1 
 48 38 36 
 49 39 81 
 50 6 76 
 51 78 5 
 52 8 58 
 53 11 69 
 54 80 37 
 55 27 33 
 56 21 41 
 57 65 90 
 58 77 36 
 59 70 18 
 60 95 70 
 0 89 61 
 1 67 27 
 2 74 15 
 3 68 28 
 4 29 39 
 5 46 50 
 6 66 70 
 7 15 88 
 8 50 52 
 9 52 30 
 10 3 82 
 11 4 91 
 12 87 46 
 13 48 81 
 14 82 77 
 15 20 73 
 16 44 86 
 17 70 20 
 18 6 8 
 19 18 2 
 20 48 30 
 21 21 16 
 22 6 35 
 23 74 54 
 24 56 28 
 25 53 57 
 26 79 55 
 27 21 36 
 28 70 67 
 29 22 54 
 30 50 41 
 31 0 60 
 32 0 68 
 33 81 68 
 34 77 1 
 35 39 92 
 36 33 59 
 37 77 5 
 38 63 53 
 39 60 85 
 40 82 79 
 41 15 31 
 42 7 35 
 43 69 75 
 44 71 89 
 45 2 87 
 46 3 0 
 47 52 1 
 48 38 36 
 49 39 81 
 50 6 76 
 51 78 5 
 52 8 58 
 53 11 69 
 54 80 37 
 55 27 33 
 56 21 41 
 57 65 90 
 58 77 36 
 59 70 18 
 60 95 70 
 61 11 0 
 0 89 61 
 1 67 27 
 2 74 15 
 3 68 28 
 4 29 39 
 5 46 50 
 6 66 70 
 7 15 88 
 8 50 52 
 9 52 30 
 10 3 82 
 11 4 91 
 12 87 46 
 13 48 81 
 14 82 77 
 15 20 73 
 16 44 86 
 17 70 20 
 18 6 8 
 19 18 2 
 20 48 30 
 21 21 16 
 22 6 35 
 23 74 54 
 24 56 28 
 25 53 57 
 26 79 55 
 27 21 36 
 28 70 67 
 29 22 54 
 30 50 41 
 31 0 60 
 32 0 68 
 33 81 68 
 34 77 1 
 35 39 92 
 36 33 59 
 37 77 5 
 38 63 53 
 39 60 85 
 40 82 79 
 41 15 31 
 42 7 35 
 43 69 75 
 44 71 89 
 45 2 87 
 46 3 0 
 47 52 1 
 48 38 36 
 49 39 81 
 50 6 76 
 51 78 5 
 52 8 58 
 53 11 69 
 54 80 37 
 55 27 33 
 56 21 41 
 57 65 90 
 58 77 36 
 59 70 18 
 60 95 70 
 61 11 0 
 62 40 61 
 0 89 61 
 1 67 27 
 2 74 15 
 3 68 28 
 4 29 39 
 5 46 50 
 6 66 70 
 7 15 88 
 8 50 52 
 9 52 30 
 10 3 82 
 11 4 91 
 12 87 46 
 13 48 81 
 14 82 77 
 15 20 73 
 16 44 86 
 17 70 20 
 18 6 8 
 19 18 2 
 20 48 30 
 21 21 16 
 22 6 35 
 23 74 54 
 24 56 28 
 25 53 57 
 26 79 55 
 27 21 36 
 28 70 67 
 29 22 54 
 30 50 41 
 31 0 60 
 32 0 68 
 33 81 68 
 34 77 1 
 35 39 92 
 36 33 59 
 37 77 5 
 38 63 53 
 39 60 85 
 40 82 79 
 41 15 31 
 42 7 35 
 43 69 75 
 44 71 89 
 45 2 87 
 46 3 0 
 47 52 1 
 48 38 36 
 49 39 81 
 50 6 76 
 51 78 5 
 52 8 58 
 53 11 69 
 54 80 37 
 55 27 33 
 56 21 41 
 57 65 90 
 58 77 36 
 59 70 18 
 60 95 70 
 61 11 0 
 62 40 61 
 63 67 44 
 0 89 61 
 1 67 27 
 2 74 15 
 3 68 28 
 4 29 39 
 5 46 50 
 6 66 70 
 7 15 88 
 8 50 52 
 9 52 30 
 10 3 82 
 11 4 91 
 12 87 46 
 13 48 81 
 14 82 77 
 15 20 73 
 16 44 86 
 17 70 20 
 18 6 8 
 19 18 2 
 20 48 30 
 21 21 16 
 22 6 35 
 23 74 54 
 24 56 28 
 25 53 57 
 26 79 55 
 27 21 36 
 28 70 67 
 29 22 54 
 30 50 41 
 31 0 60 
 32 0 68 
 33 81 68 
 34 77 1 
 35 39 92 
 36 33 59 
 37 77 5 
 38 63 53 
 39 60 85 
 40 82 79 
 41 15 31 
 42 7 35 
 43 69 75 
 44 71 89 
 45 2 87 
 46 3 0 
 47 52 1 
 48 38 36 
 49 39 81 
 50 6 76 
 51 78 5 
 52 8 58 
 53 11 69 
 54 80 37 
 55 27 33 
 56 21 41 
 57 65 90 
 58 77 36 
 59 70 18 
 60 95 70 
 61 11 0 
 62 40 61 
 63 67 44 
 64 66 8 
 0 89 61 
 1 67 27 
 2 74 15 
 3 68 28 
 4 29 39 
 5 46 50 
 6 66 70 
 7 15 88 
 8 50 52 
 9 52 30 
 10 3 82 
 11 4 91 
 12 87 46 
 13 48 81 
 14 82 77 
 15 20 73 
 16 44 86 
 17 70 20 
 18 6 8 
 19 18 2 
 20 48 30 
 21 21 16 
 22 6 35 
 23 74 54 
 24 56 28 
 25 53 57 
 26 79 55 
 27 21 36 
 28 70 67 
 29 22 54 
 30 50 41 
 31 0 60 
 32 0 68 
 33 81 68 
 34 77 1 
 35 39 92 
 36 33 59 
 37 77 5 
 38 63 53 
 39 60 85 
 40 82 79 
 41 15 31 
 42 7 35 
 43 69 75 
 44 71 89 
 45 2 87 
 46 3 0 
 47 52 1 
 48 38 36 
 49 39 81 
 50 6 76 
 51 78 5 
 52 8 58 
 53 11 69 
 54 80 37 
 55 27 33 
 56 21 41 
 57 65 90 
 58 77 36 
 59 70 18 
 60 95 70 
 61 11 0 
 62 40 61 
 63 67 44 
 64 66 8 
 65 30 39 
 0 89 61 
 1 67 27 
 2 74 15 
 3 68 28 
 4 29 39 
 5 46 50 
 6 66 70 
 7 15 88 
 8 50 52 
 9 52 30 
 10 3 82 
 11 4 91 
 12 87 46 
 13 48 81 
 14 82 77 
 15 20 73 
 16 44 86 
 17 70 20 
 18 6 8 
 19 18 2 
 20 48 30 
 21 21 16 
 22 6 35 
 23 74 54 
 24 56 28 
 25 53 57 
 26 79 55 
 27 21 36 
 28 70 67 
 29 22 54 
 30 50 41 
 31 0 60 
 32 0 68 
 33 81 68 
 34 77 1 
 35 39 92 
 36 33 59 
 37 77 5 
 38 63 53 
 39 60 85 
 40 82 79 
 41 15 31 
 42 7 35 
 43 69 75 
 44 71 89 
 45 2 87 
 46 3 0 
 47 52 1 
 48 38 36 
 49 39 81 
 50 6 76 
 51 78 5 
 52 8 58 
 53 11 69 
 54 80 37 
 55 27 33 
 56 21 41 
 57 65 90 
 58 77 36 
 59 70 18 
 60 95 70 
 61 11 0 
 62 40 61 
 63 67 44 
 64 66 8 
 65 30 39 
 66 53 75 
 0 89 61 
 1 67 27 
 2 74 15 
 3 68 28 
 4 29 39 
 5 46 50 
 6 66 70 
 7 15 88 
 8 50 52 
 9 52 30 
 10 3 82 
 11 4 91 
 12 87 46 
 13 48 81 
 14 82 77 
 15 20 73 
 16 44 86 
 17 70 20 
 18 6 8 
 19 18 2 
 20 48 30 
 21 21 16 
 22 6 35 
 23 74 54 
 24 56 28 
 25 53 57 
 26 79 55 
 27 21 36 
 28 70 67 
 29 22 54 
 30 50 41 
 31 0 60 
 32 0 68 
 33 81 68 
 34 77 1 
 35 39 92 
 36 33 59 
 37 77 5 
 38 63 53 
 39 60 85 
 40 82 79 
 41 15 31 
 42 7 35 
 43 69 75 
 44 71 89 
 45 2 87 
 46 3 0 
 47 52 1 
 48 38 36 
 49 39 81 
 50 6 76 
 51 78 5 
 52 8 58 
 53 11 69 
 54 80 37 
 55 27 33 
 56 21 41 
 57 65 90 
 58 77 36 
 59 70 18 
 60 95 70 
 61 11 0 
 62 40 61 
 63 67 44 
 64 66 8 
 65 30 39 
 66 53 75 
 67 45 60 
 0 89 61 
 1 67 27 
 2 74 15 
 3 68 28 
 4 29 39 
 5 46 50 
 6 66 70 
 7 15 88 
 8 50 52 
 9 52 30 
 10 3 82 
 11 4 91 
 12 87 46 
 13 48 81 
 14 82 77 
 15 20 73 
 16 44 86 
 17 70 20 
 18 6 8 
 19 18 2 
 20 48 30 
 21 21 16 
 22 6 35 
 23 74 54 
 24 56 28 
 25 53 57 
 26 79 55 
 27 21 36 
 28 70 67 
 29 22 54 
 30 50 41 
 31 0 60 
 32 0 68 
 33 81 68 
 34 77 1 
 35 39 92 
 36 33 59 
 37 77 5 
 38 63 53 
 39 60 85 
 40 82 79 
 41 15 31 
 42 7 35 
 43 69 75 
 44 71 89 
 45 2 87 
 46 3 0 
 47 52 1 
 48 38 36 
 49 39 81 
 50 6 76 
 51 78 5 
 52 8 58 
 53 11 69 
 54 80 37 
 55 27 33 
 56 21 41 
 57 65 90 
 58 77 36 
 59 70 18 
 60 95 70 
 61 11 0 
 62 40 61 
 63 67 44 
 64 66 8 
 65 30 39 
 66 53 75 
 67 45 60 
 68 38 23 
 0 89 61 
 1 67 27 
 2 74 15 
 3 68 28 
 4 29 39 
 5 46 50 
 6 66 70 
 7 15 88 
 8 50 52 
 9 52 30 
 10 3 82 
 11 4 91 
 12 87 46 
 13 48 81 
 14 82 77 
 15 20 73 
 16 44 86 
 17 70 20 
 18 6 8 
 19 18 2 
 20 48 30 
 21 21 16 
 22 6 35 
 23 74 54 
 24 56 28 
 25 53 57 
 26 79 55 
 27 21 36 
 28 70 67 
 29 22 54 
 30 50 41 
 31 0 60 
 32 0 68 
 33 81 68 
 34 77 1 
 35 39 92 
 36 33 59 
 37 77 5 
 38 63 53 
 39 60 85 
 40 82 79 
 41 15 31 
 42 7 35 
 43 69 75 
 44 71 89 
 45 2 87 
 46 3 0 
 47 52 1 
 48 38 36 
 49 39 81 
 50 6 76 
 51 78 5 
 52 8 58 
 53 11 69 
 54 80 37 
 55 27 33 
 56 21 41 
 57 65 90 
 58 77 36 
 59 70 18 
 60 95 70 
 61 11 0 
 62 40 61 
 63 67 44 
 64 66 8 
 65 30 39 
 66 53 75 
 67 45 60 
 68 38 23 
 69 2 84 
 0 89 61 
 1 67 27 
 2 74 15 
 3 68 28 
 4 29 39 
 5 46 50 
 6 66 70 
 7 15 88 
 8 50 52 
 9 52 30 
 10 3 82 
 11 4 91 
 12 87 46 
 13 48 81 
 14 82 77 
 15 20 73 
 16 44 86 
 17 70 20 
 18 6 8 
 19 18 2 
 20 48 30 
 21 21 16 
 22 6 35 
 23 74 54 
 24 56 28 
 25 53 57 
 26 79 55 
 27 21 36 
 28 70 67 
 29 22 54 
 30 50 41 
 31 0 60 
 32 0 68 
 33 81 68 
 34 77 1 
 35 39 92 
 36 33 59 
 37 77 5 
 38 63 53 
 39 60 85 
 40 82 79 
 41 15 31 
 42 7 35 
 43 69 75 
 44 71 89 
 45 2 87 
 46 3 0 
 47 52 1 
 48 38 36 
 49 39 81 
 50 6 76 
 51 78 5 
 52 8 58 
 53 11 69 
 54 80 37 
 55 27 33 
 56 21 41 
 57 65 90 
 58 77 36 
 59 70 18 
 60 95 70 
 61 11 0 
 62 40 61 
 63 67 44 
 64 66 8 
 65 30 39 
 66 53 75 
 67 45 60 
 68 38 23 
 69 2 84 
 70 29 28 
 0 89 61 
 1 67 27 
 2 74 15 
 3 68 28 
 4 29 39 
 5 46 50 
 6 66 70 
 7 15 88 
 8 50 52 
 9 52 30 
 10 3 82 
 11 4 91 
 12 87 46 
 13 48 81 
 14 82 77 
 15 20 73 
 16 44 86 
 17 70 20 
 18 6 8 
 19 18 2 
 20 48 30 
 21 21 16 
 22 6 35 
 23 74 54 
 24 56 28 
 25 53 57 
 26 79 55 
 27 21 36 
 28 70 67 
 29 22 54 
 30 50 41 
 31 0 60 
 32 0 68 
 33 81 68 
 34 77 1 
 35 39 92 
 36 33 59 
 37 77 5 
 38 63 53 
 39 60 85 
 40 82 79 
 41 15 31 
 42 7 35 
 43 69 75 
 44 71 89 
 45 2 87 
 46 3 0 
 47 52 1 
 48 38 36 
 49 39 81 
 50 6 76 
 51 78 5 
 52 8 58 
 53 11 69 
 54 80 37 
 55 27 33 
 56 21 41 
 57 65 90 
 58 77 36 
 59 70 18 
 60 95 70 
 61 11 0 
 62 40 61 
 63 67 44 
 64 66 8 
 65 30 39 
 66 53 75 
 67 45 60 
 68 38 23 
 69 2 84 
 70 29 28 
 71 22 17 
 0 89 61 
 1 67 27 
 2 74 15 
 3 68 28 
 4 29 39 
 5 46 50 
 6 66 70 
 7 15 88 
 8 50 52 
 9 52 30 
 10 3 82 
 11 4 91 
 12 87 46 
 13 48 81 
 14 82 77 
 15 20 73 
 16 44 86 
 17 70 20 
 18 6 8 
 19 18 2 
 20 48 30 
 21 21 16 
 22 6 35 
 23 74 54 
 24 56 28 
 25 53 57 
 26 79 55 
 27 21 36 
 28 70 67 
 29 22 54 
 30 50 41 
 31 0 60 
 32 0 68 
 33 81 68 
 34 77 1 
 35 39 92 
 36 33 59 
 37 77 5 
 38 63 53 
 39 60 85 
 40 82 79 
 41 15 31 
 42 7 35 
 43 69 75 
 44 71 89 
 45 2 87 
 46 3 0 
 47 52 1 
 48 38 36 
 49 39 81 
 50 6 76 
 51 78 5 
 52 8 58 
 53 11 69 
 54 80 37 
 55 27 33 
 56 21 41 
 57 65 90 
 58 77 36 
 59 70 18 
 60 95 70 
 61 11 0 
 62 40 61 
 63 67 44 
 64 66 8 
 65 30 39 
 66 53 75 
 67 45 60 
 68 38 23 
 69 2 84 
 70 29 28 
 71 22 17 
 72 38 86 
 0 89 61 
 1 67 27 
 2 74 15 
 3 68 28 
 4 29 39 
 5 46 50 
 6 66 70 
 7 15 88 
 8 50 52 
 9 52 30 
 10 3 82 
 11 4 91 
 12 87 46 
 13 48 81 
 14 82 77 
 15 20 73 
 16 44 86 
 17 70 20 
 18 6 8 
 19 18 2 
 20 48 30 
 21 21 16 
 22 6 35 
 23 74 54 
 24 56 28 
 25 53 57 
 26 79 55 
 27 21 36 
 28 70 67 
 29 22 54 
 30 50 41 
 31 0 60 
 32 0 68 
 33 81 68 
 34 77 1 
 35 39 92 
 36 33 59 
 37 77 5 
 38 63 53 
 39 60 85 
 40 82 79 
 41 15 31 
 42 7 35 
 43 69 75 
 44 71 89 
 45 2 87 
 46 3 0 
 47 52 1 
 48 38 36 
 49 39 81 
 50 6 76 
 51 78 5 
 52 8 58 
 53 11 69 
 54 80 37 
 55 27 33 
 56 21 41 
 57 65 90 
 58 77 36 
 59 70 18 
 60 95 70 
 61 11 0 
 62 40 61 
 63 67 44 
 64 66 8 
 65 30 39 
 66 53 75 
 67 45 60 
 68 38 23 
 69 2 84 
 70 29 28 
 71 22 17 
 72 38 86 
 73 12 81 
 0 89 61 
 1 67 27 
 2 74 15 
 3 68 28 
 4 29 39 
 5 46 50 
 6 66 70 
 7 15 88 
 8 50 52 
 9 52 30 
 10 3 82 
 11 4 91 
 12 87 46 
 13 48 81 
 14 82 77 
 15 20 73 
 16 44 86 
 17 70 20 
 18 6 8 
 19 18 2 
 20 48 30 
 21 21 16 
 22 6 35 
 23 74 54 
 24 56 28 
 25 53 57 
 26 79 55 
 27 21 36 
 28 70 67 
 29 22 54 
 30 50 41 
 31 0 60 
 32 0 68 
 33 81 68 
 34 77 1 
 35 39 92 
 36 33 59 
 37 77 5 
 38 63 53 
 39 60 85 
 40 82 79 
 41 15 31 
 42 7 35 
 43 69 75 
 44 71 89 
 45 2 87 
 46 3 0 
 47 52 1 
 48 38 36 
 49 39 81 
 50 6 76 
 51 78 5 
 52 8 58 
 53 11 69 
 54 80 37 
 55 27 33 
 56 21 41 
 57 65 90 
 58 77 36 
 59 70 18 
 60 95 70 
 61 11 0 
 62 40 61 
 63 67 44 
 64 66 8 
 65 30 39 
 66 53 75 
 67 45 60 
 68 38 23 
 69 2 84 
 70 29 28 
 71 22 17 
 72 38 86 
 73 12 81 
 74 91 81 
 0 89 61 
 1 67 27 
 2 74 15 
 3 68 28 
 4 29 39 
 5 46 50 
 6 66 70 
 7 15 88 
 8 50 52 
 9 52 30 
 10 3 82 
 11 4 91 
 12 87 46 
 13 48 81 
 14 82 77 
 15 20 73 
 16 44 86 
 17 70 20 
 18 6 8 
 19 18 2 
 20 48 30 
 21 21 16 
 22 6 35 
 23 74 54 
 24 56 28 
 25 53 57 
 26 79 55 
 27 21 36 
 28 70 67 
 29 22 54 
 30 50 41 
 31 0 60 
 32 0 68 
 33 81 68 
 34 77 1 
 35 39 92 
 36 33 59 
 37 77 5 
 38 63 53 
 39 60 85 
 40 82 79 
 41 15 31 
 42 7 35 
 43 69 75 
 44 71 89 
 45 2 87 
 46 3 0 
 47 52 1 
 48 38 36 
 49 39 81 
 50 6 76 
 51 78 5 
 52 8 58 
 53 11 69 
 54 80 37 
 55 27 33 
 56 21 41 
 57 65 90 
 58 77 36 
 59 70 18 
 60 95 70 
 61 11 0 
 62 40 61 
 63 67 44 
 64 66 8 
 65 30 39 
 66 53 75 
 67 45 60 
 68 38 23 
 69 2 84 
 70 29 28 
 71 22 17 
 72 38 86 
 73 12 81 
 74 91 81 
 75 4 88 
 0 89 61 
 1 67 27 
 2 74 15 
 3 68 28 
 4 29 39 
 5 46 50 
 6 66 70 
 7 15 88 
 8 50 52 
 9 52 30 
 10 3 82 
 11 4 91 
 12 87 46 
 13 48 81 
 14 82 77 
 15 20 73 
 16 44 86 
 17 70 20 
 18 6 8 
 19 18 2 
 20 48 30 
 21 21 16 
 22 6 35 
 23 74 54 
 24 56 28 
 25 53 57 
 26 79 55 
 27 21 36 
 28 70 67 
 29 22 54 
 30 50 41 
 31 0 60 
 32 0 68 
 33 81 68 
 34 77 1 
 35 39 92 
 36 33 59 
 37 77 5 
 38 63 53 
 39 60 85 
 40 82 79 
 41 15 31 
 42 7 35 
 43 69 75 
 44 71 89 
 45 2 87 
 46 3 0 
 47 52 1 
 48 38 36 
 49 39 81 
 50 6 76 
 51 78 5 
 52 8 58 
 53 11 69 
 54 80 37 
 55 27 33 
 56 21 41 
 57 65 90 
 58 77 36 
 59 70 18 
 60 95 70 
 61 11 0 
 62 40 61 
 63 67 44 
 64 66 8 
 65 30 39 
 66 53 75 
 67 45 60 
 68 38 23 
 69 2 84 
 70 29 28 
 71 22 17 
 72 38 86 
 73 12 81 
 74 91 81 
 75 4 88 
 76 24 77 
 0 89 61 
 1 67 27 
 2 74 15 
 3 68 28 
 4 29 39 
 5 46 50 
 6 66 70 
 7 15 88 
 8 50 52 
 9 52 30 
 10 3 82 
 11 4 91 
 12 87 46 
 13 48 81 
 14 82 77 
 15 20 73 
 16 44 86 
 17 70 20 
 18 6 8 
 19 18 2 
 20 48 30 
 21 21 16 
 22 6 35 
 23 74 54 
 24 56 28 
 25 53 57 
 26 79 55 
 27 21 36 
 28 70 67 
 29 22 54 
 30 50 41 
 31 0 60 
 32 0 68 
 33 81 68 
 34 77 1 
 35 39 92 
 36 33 59 
 37 77 5 
 38 63 53 
 39 60 85 
 40 82 79 
 41 15 31 
 42 7 35 
 43 69 75 
 44 71 89 
 45 2 87 
 46 3 0 
 47 52 1 
 48 38 36 
 49 39 81 
 50 6 76 
 51 78 5 
 52 8 58 
 53 11 69 
 54 80 37 
 55 27 33 
 56 21 41 
 57 65 90 
 58 77 36 
 59 70 18 
 60 95 70 
 61 11 0 
 62 40 61 
 63 67 44 
 64 66 8 
 65 30 39 
 66 53 75 
 67 45 60 
 68 38 23 
 69 2 84 
 70 29 28 
 71 22 17 
 72 38 86 
 73 12 81 
 74 91 81 
 75 4 88 
 76 24 77 
 77 58 30 
 0 89 61 
 1 67 27 
 2 74 15 
 3 68 28 
 4 29 39 
 5 46 50 
 6 66 70 
 7 15 88 
 8 50 52 
 9 52 30 
 10 3 82 
 11 4 91 
 12 87 46 
 13 48 81 
 14 82 77 
 15 20 73 
 16 44 86 
 17 70 20 
 18 6 8 
 19 18 2 
 20 48 30 
 21 21 16 
 22 6 35 
 23 74 54 
 24 56 28 
 25 53 57 
 26 79 55 
 27 21 36 
 28 70 67 
 29 22 54 
 30 50 41 
 31 0 60 
 32 0 68 
 33 81 68 
 34 77 1 
 35 39 92 
 36 33 59 
 37 77 5 
 38 63 53 
 39 60 85 
 40 82 79 
 41 15 31 
 42 7 35 
 43 69 75 
 44 71 89 
 45 2 87 
 46 3 0 
 47 52 1 
 48 38 36 
 49 39 81 
 50 6 76 
 51 78 5 
 52 8 58 
 53 11 69 
 54 80 37 
 55 27 33 
 56 21 41 
 57 65 90 
 58 77 36 
 59 70 18 
 60 95 70 
 61 11 0 
 62 40 61 
 63 67 44 
 64 66 8 
 65 30 39 
 66 53 75 
 67 45 60 
 68 38 23 
 69 2 84 
 70 29 28 
 71 22 17 
 72 38 86 
 73 12 81 
 74 91 81 
 75 4 88 
 76 24 77 
 77 58 30 
 78 44 27 
 0 89 61 
 1 67 27 
 2 74 15 
 3 68 28 
 4 29 39 
 5 46 50 
 6 66 70 
 7 15 88 
 8 50 52 
 9 52 30 
 10 3 82 
 11 4 91 
 12 87 46 
 13 48 81 
 14 82 77 
 15 20 73 
 16 44 86 
 17 70 20 
 18 6 8 
 19 18 2 
 20 48 30 
 21 21 16 
 22 6 35 
 23 74 54 
 24 56 28 
 25 53 57 
 26 79 55 
 27 21 36 
 28 70 67 
 29 22 54 
 30 50 41 
 31 0 60 
 32 0 68 
 33 81 68 
 34 77 1 
 35 39 92 
 36 33 59 
 37 77 5 
 38 63 53 
 39 60 85 
 40 82 79 
 41 15 31 
 42 7 35 
 43 69 75 
 44 71 89 
 45 2 87 
 46 3 0 
 47 52 1 
 48 38 36 
 49 39 81 
 50 6 76 
 51 78 5 
 52 8 58 
 53 11 69 
 54 80 37 
 55 27 33 
 56 21 41 
 57 65 90 
 58 77 36 
 59 70 18 
 60 95 70 
 61 11 0 
 62 40 61 
 63 67 44 
 64 66 8 
 65 30 39 
 66 53 75 
 67 45 60 
 68 38 23 
 69 2 84 
 70 29 28 
 71 22 17 
 72 38 86 
 73 12 81 
 74 91 81 
 75 4 88 
 76 24 77 
 77 58 30 
 78 44 27 
 79 75 76 
 0 89 61 
 1 67 27 
 2 74 15 
 3 68 28 
 4 29 39 
 5 46 50 
 6 66 70 
 7 15 88 
 8 50 52 
 9 52 30 
 10 3 82 
 11 4 91 
 12 87 46 
 13 48 81 
 14 82 77 
 15 20 73 
 16 44 86 
 17 70 20 
 18 6 8 
 19 18 2 
 20 48 30 
 21 21 16 
 22 6 35 
 23 74 54 
 24 56 28 
 25 53 57 
 26 79 55 
 27 21 36 
 28 70 67 
 29 22 54 
 30 50 41 
 31 0 60 
 32 0 68 
 33 81 68 
 34 77 1 
 35 39 92 
 36 33 59 
 37 77 5 
 38 63 53 
 39 60 85 
 40 82 79 
 41 15 31 
 42 7 35 
 43 69 75 
 44 71 89 
 45 2 87 
 46 3 0 
 47 52 1 
 48 38 36 
 49 39 81 
 50 6 76 
 51 78 5 
 52 8 58 
 53 11 69 
 54 80 37 
 55 27 33 
 56 21 41 
 57 65 90 
 58 77 36 
 59 70 18 
 60 95 70 
 61 11 0 
 62 40 61 
 63 67 44 
 64 66 8 
 65 30 39 
 66 53 75 
 67 45 60 
 68 38 23 
 69 2 84 
 70 29 28 
 71 22 17 
 72 38 86 
 73 12 81 
 74 91 81 
 75 4 88 
 76 24 77 
 77 58 30 
 78 44 27 
 79 75 76 
 80 36 72 
 0 89 61 
 1 67 27 
 2 74 15 
 3 68 28 
 4 29 39 
 5 46 50 
 6 66 70 
 7 15 88 
 8 50 52 
 9 52 30 
 10 3 82 
 11 4 91 
 12 87 46 
 13 48 81 
 14 82 77 
 15 20 73 
 16 44 86 
 17 70 20 
 18 6 8 
 19 18 2 
 20 48 30 
 21 21 16 
 22 6 35 
 23 74 54 
 24 56 28 
 25 53 57 
 26 79 55 
 27 21 36 
 28 70 67 
 29 22 54 
 30 50 41 
 31 0 60 
 32 0 68 
 33 81 68 
 34 77 1 
 35 39 92 
 36 33 59 
 37 77 5 
 38 63 53 
 39 60 85 
 40 82 79 
 41 15 31 
 42 7 35 
 43 69 75 
 44 71 89 
 45 2 87 
 46 3 0 
 47 52 1 
 48 38 36 
 49 39 81 
 50 6 76 
 51 78 5 
 52 8 58 
 53 11 69 
 54 80 37 
 55 27 33 
 56 21 41 
 57 65 90 
 58 77 36 
 59 70 18 
 60 95 70 
 61 11 0 
 62 40 61 
 63 67 44 
 64 66 8 
 65 30 39 
 66 53 75 
 67 45 60 
 68 38 23 
 69 2 84 
 70 29 28 
 71 22 17 
 72 38 86 
 73 12 81 
 74 91 81 
 75 4 88 
 76 24 77 
 77 58 30 
 78 44 27 
 79 75 76 
 80 36 72 
 81 20 87 
 0 89 61 
 1 67 27 
 2 74 15 
 3 68 28 
 4 29 39 
 5 46 50 
 6 66 70 
 7 15 88 
 8 50 52 
 9 52 30 
 10 3 82 
 11 4 91 
 12 87 46 
 13 48 81 
 14 82 77 
 15 20 73 
 16 44 86 
 17 70 20 
 18 6 8 
 19 18 2 
 20 48 30 
 21 21 16 
 22 6 35 
 23 74 54 
 24 56 28 
 25 53 57 
 26 79 55 
 27 21 36 
 28 70 67 
 29 22 54 
 30 50 41 
 31 0 60 
 32 0 68 
 33 81 68 
 34 77 1 
 35 39 92 
 36 33 59 
 37 77 5 
 38 63 53 
 39 60 85 
 40 82 79 
 41 15 31 
 42 7 35 
 43 69 75 
 44 71 89 
 45 2 87 
 46 3 0 
 47 52 1 
 48 38 36 
 49 39 81 
 50 6 76 
 51 78 5 
 52 8 58 
 53 11 69 
 54 80 37 
 55 27 33 
 56 21 41 
 57 65 90 
 58 77 36 
 59 70 18 
 60 95 70 
 61 11 0 
 62 40 61 
 63 67 44 
 64 66 8 
 65 30 39 
 66 53 75 
 67 45 60 
 68 38 23 
 69 2 84 
 70 29 28 
 71 22 17 
 72 38 86 
 73 12 81 
 74 91 81 
 75 4 88 
 76 24 77 
 77 58 30 
 78 44 27 
 79 75 76 
 80 36 72 
 81 20 87 
 82 52 32 
 0 89 61 
 1 67 27 
 2 74 15 
 3 68 28 
 4 29 39 
 5 46 50 
 6 66 70 
 7 15 88 
 8 50 52 
 9 52 30 
 10 3 82 
 11 4 91 
 12 87 46 
 13 48 81 
 14 82 77 
 15 20 73 
 16 44 86 
 17 70 20 
 18 6 8 
 19 18 2 
 20 48 30 
 21 21 16 
 22 6 35 
 23 74 54 
 24 56 28 
 25 53 57 
 26 79 55 
 27 21 36 
 28 70 67 
 29 22 54 
 30 50 41 
 31 0 60 
 32 0 68 
 33 81 68 
 34 77 1 
 35 39 92 
 36 33 59 
 37 77 5 
 38 63 53 
 39 60 85 
 40 82 79 
 41 15 31 
 42 7 35 
 43 69 75 
 44 71 89 
 45 2 87 
 46 3 0 
 47 52 1 
 48 38 36 
 49 39 81 
 50 6 76 
 51 78 5 
 52 8 58 
 53 11 69 
 54 80 37 
 55 27 33 
 56 21 41 
 57 65 90 
 58 77 36 
 59 70 18 
 60 95 70 
 61 11 0 
 62 40 61 
 63 67 44 
 64 66 8 
 65 30 39 
 66 53 75 
 67 45 60 
 68 38 23 
 69 2 84 
 70 29 28 
 71 22 17 
 72 38 86 
 73 12 81 
 74 91 81 
 75 4 88 
 76 24 77 
 77 58 30 
 78 44 27 
 79 75 76 
 80 36 72 
 81 20 87 
 82 52 32 
 83 20 88 
 0 89 61 
 1 67 27 
 2 74 15 
 3 68 28 
 4 29 39 
 5 46 50 
 6 66 70 
 7 15 88 
 8 50 52 
 9 52 30 
 10 3 82 
 11 4 91 
 12 87 46 
 13 48 81 
 14 82 77 
 15 20 73 
 16 44 86 
 17 70 20 
 18 6 8 
 19 18 2 
 20 48 30 
 21 21 16 
 22 6 35 
 23 74 54 
 24 56 28 
 25 53 57 
 26 79 55 
 27 21 36 
 28 70 67 
 29 22 54 
 30 50 41 
 31 0 60 
 32 0 68 
 33 81 68 
 34 77 1 
 35 39 92 
 36 33 59 
 37 77 5 
 38 63 53 
 39 60 85 
 40 82 79 
 41 15 31 
 42 7 35 
 43 69 75 
 44 71 89 
 45 2 87 
 46 3 0 
 47 52 1 
 48 38 36 
 49 39 81 
 50 6 76 
 51 78 5 
 52 8 58 
 53 11 69 
 54 80 37 
 55 27 33 
 56 21 41 
 57 65 90 
 58 77 36 
 59 70 18 
 60 95 70 
 61 11 0 
 62 40 61 
 63 67 44 
 64 66 8 
 65 30 39 
 66 53 75 
 67 45 60 
 68 38 23 
 69 2 84 
 70 29 28 
 71 22 17 
 72 38 86 
 73 12 81 
 74 91 81 
 75 4 88 
 76 24 77 
 77 58 30 
 78 44 27 
 79 75 76 
 80 36 72 
 81 20 87 
 82 52 32 
 83 20 88 
 84 24 21 
 0 89 61 
 1 67 27 
 2 74 15 
 3 68 28 
 4 29 39 
 5 46 50 
 6 66 70 
 7 15 88 
 8 50 52 
 9 52 30 
 10 3 82 
 11 4 91 
 12 87 46 
 13 48 81 
 14 82 77 
 15 20 73 
 16 44 86 
 17 70 20 
 18 6 8 
 19 18 2 
 20 48 30 
 21 21 16 
 22 6 35 
 23 74 54 
 24 56 28 
 25 53 57 
 26 79 55 
 27 21 36 
 28 70 67 
 29 22 54 
 30 50 41 
 31 0 60 
 32 0 68 
 33 81 68 
 34 77 1 
 35 39 92 
 36 33 59 
 37 77 5 
 38 63 53 
 39 60 85 
 40 82 79 
 41 15 31 
 42 7 35 
 43 69 75 
 44 71 89 
 45 2 87 
 46 3 0 
 47 52 1 
 48 38 36 
 49 39 81 
 50 6 76 
 51 78 5 
 52 8 58 
 53 11 69 
 54 80 37 
 55 27 33 
 56 21 41 
 57 65 90 
 58 77 36 
 59 70 18 
 60 95 70 
 61 11 0 
 62 40 61 
 63 67 44 
 64 66 8 
 65 30 39 
 66 53 75 
 67 45 60 
 68 38 23 
 69 2 84 
 70 29 28 
 71 22 17 
 72 38 86 
 73 12 81 
 74 91 81 
 75 4 88 
 76 24 77 
 77 58 30 
 78 44 27 
 79 75 76 
 80 36 72 
 81 20 87 
 82 52 32 
 83 20 88 
 84 24 21 
 85 45 51 
 0 89 61 
 1 67 27 
 2 74 15 
 3 68 28 
 4 29 39 
 5 46 50 
 6 66 70 
 7 15 88 
 8 50 52 
 9 52 30 
 10 3 82 
 11 4 91 
 12 87 46 
 13 48 81 
 14 82 77 
 15 20 73 
 16 44 86 
 17 70 20 
 18 6 8 
 19 18 2 
 20 48 30 
 21 21 16 
 22 6 35 
 23 74 54 
 24 56 28 
 25 53 57 
 26 79 55 
 27 21 36 
 28 70 67 
 29 22 54 
 30 50 41 
 31 0 60 
 32 0 68 
 33 81 68 
 34 77 1 
 35 39 92 
 36 33 59 
 37 77 5 
 38 63 53 
 39 60 85 
 40 82 79 
 41 15 31 
 42 7 35 
 43 69 75 
 44 71 89 
 45 2 87 
 46 3 0 
 47 52 1 
 48 38 36 
 49 39 81 
 50 6 76 
 51 78 5 
 52 8 58 
 53 11 69 
 54 80 37 
 55 27 33 
 56 21 41 
 57 65 90 
 58 77 36 
 59 70 18 
 60 95 70 
 61 11 0 
 62 40 61 
 63 67 44 
 64 66 8 
 65 30 39 
 66 53 75 
 67 45 60 
 68 38 23 
 69 2 84 
 70 29 28 
 71 22 17 
 72 38 86 
 73 12 81 
 74 91 81 
 75 4 88 
 76 24 77 
 77 58 30 
 78 44 27 
 79 75 76 
 80 36 72 
 81 20 87 
 82 52 32 
 83 20 88 
 84 24 21 
 85 45 51 
 86 18 66 
 0 89 61 
 1 67 27 
 2 74 15 
 3 68 28 
 4 29 39 
 5 46 50 
 6 66 70 
 7 15 88 
 8 50 52 
 9 52 30 
 10 3 82 
 11 4 91 
 12 87 46 
 13 48 81 
 14 82 77 
 15 20 73 
 16 44 86 
 17 70 20 
 18 6 8 
 19 18 2 
 20 48 30 
 21 21 16 
 22 6 35 
 23 74 54 
 24 56 28 
 25 53 57 
 26 79 55 
 27 21 36 
 28 70 67 
 29 22 54 
 30 50 41 
 31 0 60 
 32 0 68 
 33 81 68 
 34 77 1 
 35 39 92 
 36 33 59 
 37 77 5 
 38 63 53 
 39 60 85 
 40 82 79 
 41 15 31 
 42 7 35 
 43 69 75 
 44 71 89 
 45 2 87 
 46 3 0 
 47 52 1 
 48 38 36 
 49 39 81 
 50 6 76 
 51 78 5 
 52 8 58 
 53 11 69 
 54 80 37 
 55 27 33 
 56 21 41 
 57 65 90 
 58 77 36 
 59 70 18 
 60 95 70 
 61 11 0 
 62 40 61 
 63 67 44 
 64 66 8 
 65 30 39 
 66 53 75 
 67 45 60 
 68 38 23 
 69 2 84 
 70 29 28 
 71 22 17 
 72 38 86 
 73 12 81 
 74 91 81 
 75 4 88 
 76 24 77 
 77 58 30 
 78 44 27 
 79 75 76 
 80 36 72 
 81 20 87 
 82 52 32 
 83 20 88 
 84 24 21 
 85 45 51 
 86 18 66 
 87 69 54 
 0 89 61 
 1 67 27 
 2 74 15 
 3 68 28 
 4 29 39 
 5 46 50 
 6 66 70 
 7 15 88 
 8 50 52 
 9 52 30 
 10 3 82 
 11 4 91 
 12 87 46 
 13 48 81 
 14 82 77 
 15 20 73 
 16 44 86 
 17 70 20 
 18 6 8 
 19 18 2 
 20 48 30 
 21 21 16 
 22 6 35 
 23 74 54 
 24 56 28 
 25 53 57 
 26 79 55 
 27 21 36 
 28 70 67 
 29 22 54 
 30 50 41 
 31 0 60 
 32 0 68 
 33 81 68 
 34 77 1 
 35 39 92 
 36 33 59 
 37 77 5 
 38 63 53 
 39 60 85 
 40 82 79 
 41 15 31 
 42 7 35 
 43 69 75 
 44 71 89 
 45 2 87 
 46 3 0 
 47 52 1 
 48 38 36 
 49 39 81 
 50 6 76 
 51 78 5 
 52 8 58 
 53 11 69 
 54 80 37 
 55 27 33 
 56 21 41 
 57 65 90 
 58 77 36 
 59 70 18 
 60 95 70 
 61 11 0 
 62 40 61 
 63 67 44 
 64 66 8 
 65 30 39 
 66 53 75 
 67 45 60 
 68 38 23 
 69 2 84 
 70 29 28 
 71 22 17 
 72 38 86 
 73 12 81 
 74 91 81 
 75 4 88 
 76 24 77 
 77 58 30 
 78 44 27 
 79 75 76 
 80 36 72 
 81 20 87 
 82 52 32 
 83 20 88 
 84 24 21 
 85 45 51 
 86 18 66 
 87 69 54 
 88 25 80 
 0 89 61 
 1 67 27 
 2 74 15 
 3 68 28 
 4 29 39 
 5 46 50 
 6 66 70 
 7 15 88 
 8 50 52 
 9 52 30 
 10 3 82 
 11 4 91 
 12 87 46 
 13 48 81 
 14 82 77 
 15 20 73 
 16 44 86 
 17 70 20 
 18 6 8 
 19 18 2 
 20 48 30 
 21 21 16 
 22 6 35 
 23 74 54 
 24 56 28 
 25 53 57 
 26 79 55 
 27 21 36 
 28 70 67 
 29 22 54 
 30 50 41 
 31 0 60 
 32 0 68 
 33 81 68 
 34 77 1 
 35 39 92 
 36 33 59 
 37 77 5 
 38 63 53 
 39 60 85 
 40 82 79 
 41 15 31 
 42 7 35 
 43 69 75 
 44 71 89 
 45 2 87 
 46 3 0 
 47 52 1 
 48 38 36 
 49 39 81 
 50 6 76 
 51 78 5 
 52 8 58 
 53 11 69 
 54 80 37 
 55 27 33 
 56 21 41 
 57 65 90 
 58 77 36 
 59 70 18 
 60 95 70 
 61 11 0 
 62 40 61 
 63 67 44 
 64 66 8 
 65 30 39 
 66 53 75 
 67 45 60 
 68 38 23 
 69 2 84 
 70 29 28 
 71 22 17 
 72 38 86 
 73 12 81 
 74 91 81 
 75 4 88 
 76 24 77 
 77 58 30 
 78 44 27 
 79 75 76 
 80 36 72 
 81 20 87 
 82 52 32 
 83 20 88 
 84 24 21 
 85 45 51 
 86 18 66 
 87 69 54 
 88 25 80 
 89 8 18 
 0 89 61 
 1 67 27 
 2 74 15 
 3 68 28 
 4 29 39 
 5 46 50 
 6 66 70 
 7 15 88 
 8 50 52 
 9 52 30 
 10 3 82 
 11 4 91 
 12 87 46 
 13 48 81 
 14 82 77 
 15 20 73 
 16 44 86 
 17 70 20 
 18 6 8 
 19 18 2 
 20 48 30 
 21 21 16 
 22 6 35 
 23 74 54 
 24 56 28 
 25 53 57 
 26 79 55 
 27 21 36 
 28 70 67 
 29 22 54 
 30 50 41 
 31 0 60 
 32 0 68 
 33 81 68 
 34 77 1 
 35 39 92 
 36 33 59 
 37 77 5 
 38 63 53 
 39 60 85 
 40 82 79 
 41 15 31 
 42 7 35 
 43 69 75 
 44 71 89 
 45 2 87 
 46 3 0 
 47 52 1 
 48 38 36 
 49 39 81 
 50 6 76 
 51 78 5 
 52 8 58 
 53 11 69 
 54 80 37 
 55 27 33 
 56 21 41 
 57 65 90 
 58 77 36 
 59 70 18 
 60 95 70 
 61 11 0 
 62 40 61 
 63 67 44 
 64 66 8 
 65 30 39 
 66 53 75 
 67 45 60 
 68 38 23 
 69 2 84 
 70 29 28 
 71 22 17 
 72 38 86 
 73 12 81 
 74 91 81 
 75 4 88 
 76 24 77 
 77 58 30 
 78 44 27 
 79 75 76 
 80 36 72 
 81 20 87 
 82 52 32 
 83 20 88 
 84 24 21 
 85 45 51 
 86 18 66 
 87 69 54 
 88 25 80 
 89 8 18 
 90 34 10 
 0 89 61 
 1 67 27 
 2 74 15 
 3 68 28 
 4 29 39 
 5 46 50 
 6 66 70 
 7 15 88 
 8 50 52 
 9 52 30 
 10 3 82 
 11 4 91 
 12 87 46 
 13 48 81 
 14 82 77 
 15 20 73 
 16 44 86 
 17 70 20 
 18 6 8 
 19 18 2 
 20 48 30 
 21 21 16 
 22 6 35 
 23 74 54 
 24 56 28 
 25 53 57 
 26 79 55 
 27 21 36 
 28 70 67 
 29 22 54 
 30 50 41 
 31 0 60 
 32 0 68 
 33 81 68 
 34 77 1 
 35 39 92 
 36 33 59 
 37 77 5 
 38 63 53 
 39 60 85 
 40 82 79 
 41 15 31 
 42 7 35 
 43 69 75 
 44 71 89 
 45 2 87 
 46 3 0 
 47 52 1 
 48 38 36 
 49 39 81 
 50 6 76 
 51 78 5 
 52 8 58 
 53 11 69 
 54 80 37 
 55 27 33 
 56 21 41 
 57 65 90 
 58 77 36 
 59 70 18 
 60 95 70 
 61 11 0 
 62 40 61 
 63 67 44 
 64 66 8 
 65 30 39 
 66 53 75 
 67 45 60 
 68 38 23 
 69 2 84 
 70 29 28 
 71 22 17 
 72 38 86 
 73 12 81 
 74 91 81 
 75 4 88 
 76 24 77 
 77 58 30 
 78 44 27 
 79 75 76 
 80 36 72 
 81 20 87 
 82 52 32 
 83 20 88 
 84 24 21 
 85 45 51 
 86 18 66 
 87 69 54 
 88 25 80 
 89 8 18 
 90 34 10 
 91 76 24 
 0 89 61 
 1 67 27 
 2 74 15 
 3 68 28 
 4 29 39 
 5 46 50 
 6 66 70 
 7 15 88 
 8 50 52 
 9 52 30 
 10 3 82 
 11 4 91 
 12 87 46 
 13 48 81 
 14 82 77 
 15 20 73 
 16 44 86 
 17 70 20 
 18 6 8 
 19 18 2 
 20 48 30 
 21 21 16 
 22 6 35 
 23 74 54 
 24 56 28 
 25 53 57 
 26 79 55 
 27 21 36 
 28 70 67 
 29 22 54 
 30 50 41 
 31 0 60 
 32 0 68 
 33 81 68 
 34 77 1 
 35 39 92 
 36 33 59 
 37 77 5 
 38 63 53 
 39 60 85 
 40 82 79 
 41 15 31 
 42 7 35 
 43 69 75 
 44 71 89 
 45 2 87 
 46 3 0 
 47 52 1 
 48 38 36 
 49 39 81 
 50 6 76 
 51 78 5 
 52 8 58 
 53 11 69 
 54 80 37 
 55 27 33 
 56 21 41 
 57 65 90 
 58 77 36 
 59 70 18 
 60 95 70 
 61 11 0 
 62 40 61 
 63 67 44 
 64 66 8 
 65 30 39 
 66 53 75 
 67 45 60 
 68 38 23 
 69 2 84 
 70 29 28 
 71 22 17 
 72 38 86 
 73 12 81 
 74 91 81 
 75 4 88 
 76 24 77 
 77 58 30 
 78 44 27 
 79 75 76 
 80 36 72 
 81 20 87 
 82 52 32 
 83 20 88 
 84 24 21 
 85 45 51 
 86 18 66 
 87 69 54 
 88 25 80 
 89 8 18 
 90 34 10 
 91 76 24 
 92 89 36 
 0 89 61 
 1 67 27 
 2 74 15 
 3 68 28 
 4 29 39 
 5 46 50 
 6 66 70 
 7 15 88 
 8 50 52 
 9 52 30 
 10 3 82 
 11 4 91 
 12 87 46 
 13 48 81 
 14 82 77 
 15 20 73 
 16 44 86 
 17 70 20 
 18 6 8 
 19 18 2 
 20 48 30 
 21 21 16 
 22 6 35 
 23 74 54 
 24 56 28 
 25 53 57 
 26 79 55 
 27 21 36 
 28 70 67 
 29 22 54 
 30 50 41 
 31 0 60 
 32 0 68 
 33 81 68 
 34 77 1 
 35 39 92 
 36 33 59 
 37 77 5 
 38 63 53 
 39 60 85 
 40 82 79 
 41 15 31 
 42 7 35 
 43 69 75 
 44 71 89 
 45 2 87 
 46 3 0 
 47 52 1 
 48 38 36 
 49 39 81 
 50 6 76 
 51 78 5 
 52 8 58 
 53 11 69 
 54 80 37 
 55 27 33 
 56 21 41 
 57 65 90 
 58 77 36 
 59 70 18 
 60 95 70 
 61 11 0 
 62 40 61 
 63 67 44 
 64 66 8 
 65 30 39 
 66 53 75 
 67 45 60 
 68 38 23 
 69 2 84 
 70 29 28 
 71 22 17 
 72 38 86 
 73 12 81 
 74 91 81 
 75 4 88 
 76 24 77 
 77 58 30 
 78 44 27 
 79 75 76 
 80 36 72 
 81 20 87 
 82 52 32 
 83 20 88 
 84 24 21 
 85 45 51 
 86 18 66 
 87 69 54 
 88 25 80 
 89 8 18 
 90 34 10 
 91 76 24 
 92 89 36 
 93 56 3 
 0 89 61 
 1 67 27 
 2 74 15 
 3 68 28 
 4 29 39 
 5 46 50 
 6 66 70 
 7 15 88 
 8 50 52 
 9 52 30 
 10 3 82 
 11 4 91 
 12 87 46 
 13 48 81 
 14 82 77 
 15 20 73 
 16 44 86 
 17 70 20 
 18 6 8 
 19 18 2 
 20 48 30 
 21 21 16 
 22 6 35 
 23 74 54 
 24 56 28 
 25 53 57 
 26 79 55 
 27 21 36 
 28 70 67 
 29 22 54 
 30 50 41 
 31 0 60 
 32 0 68 
 33 81 68 
 34 77 1 
 35 39 92 
 36 33 59 
 37 77 5 
 38 63 53 
 39 60 85 
 40 82 79 
 41 15 31 
 42 7 35 
 43 69 75 
 44 71 89 
 45 2 87 
 46 3 0 
 47 52 1 
 48 38 36 
 49 39 81 
 50 6 76 
 51 78 5 
 52 8 58 
 53 11 69 
 54 80 37 
 55 27 33 
 56 21 41 
 57 65 90 
 58 77 36 
 59 70 18 
 60 95 70 
 61 11 0 
 62 40 61 
 63 67 44 
 64 66 8 
 65 30 39 
 66 53 75 
 67 45 60 
 68 38 23 
 69 2 84 
 70 29 28 
 71 22 17 
 72 38 86 
 73 12 81 
 74 91 81 
 75 4 88 
 76 24 77 
 77 58 30 
 78 44 27 
 79 75 76 
 80 36 72 
 81 20 87 
 82 52 32 
 83 20 88 
 84 24 21 
 85 45 51 
 86 18 66 
 87 69 54 
 88 25 80 
 89 8 18 
 90 34 10 
 91 76 24 
 92 89 36 
 93 56 3 
 94 64 1 
 0 89 61 
 1 67 27 
 2 74 15 
 3 68 28 
 4 29 39 
 5 46 50 
 6 66 70 
 7 15 88 
 8 50 52 
 9 52 30 
 10 3 82 
 11 4 91 
 12 87 46 
 13 48 81 
 14 82 77 
 15 20 73 
 16 44 86 
 17 70 20 
 18 6 8 
 19 18 2 
 20 48 30 
 21 21 16 
 22 6 35 
 23 74 54 
 24 56 28 
 25 53 57 
 26 79 55 
 27 21 36 
 28 70 67 
 29 22 54 
 30 50 41 
 31 0 60 
 32 0 68 
 33 81 68 
 34 77 1 
 35 39 92 
 36 33 59 
 37 77 5 
 38 63 53 
 39 60 85 
 40 82 79 
 41 15 31 
 42 7 35 
 43 69 75 
 44 71 89 
 45 2 87 
 46 3 0 
 47 52 1 
 48 38 36 
 49 39 81 
 50 6 76 
 51 78 5 
 52 8 58 
 53 11 69 
 54 80 37 
 55 27 33 
 56 21 41 
 57 65 90 
 58 77 36 
 59 70 18 
 60 95 70 
 61 11 0 
 62 40 61 
 63 67 44 
 64 66 8 
 65 30 39 
 66 53 75 
 67 45 60 
 68 38 23 
 69 2 84 
 70 29 28 
 71 22 17 
 72 38 86 
 73 12 81 
 74 91 81 
 75 4 88 
 76 24 77 
 77 58 30 
 78 44 27 
 79 75 76 
 80 36 72 
 81 20 87 
 82 52 32 
 83 20 88 
 84 24 21 
 85 45 51 
 86 18 66 
 87 69 54 
 88 25 80 
 89 8 18 
 90 34 10 
 91 76 24 
 92 89 36 
 93 56 3 
 94 64 1 
 95 48 66 
-1 -1
