1 1 0.000274
1 6 0.000242
1 11 0.000267
1 16 0.000313
1 21 0.000379
1 26 0.000248
1 31 0.000248
1 36 0.000271
1 41 0.000249
1 46 0.000317
1 51 0.000256
1 56 0.000249
1 61 0.000217
1 66 0.000238
1 71 0.000233
1 76 0.000221
1 81 0.000232
1 86 0.000254
1 91 0.000253
1 96 0.00033
6 1 0.00024
6 6 0.000289
6 11 0.000268
6 16 0.000297
6 21 0.000222
6 26 0.000229
6 31 0.000219
6 36 0.000231
6 41 0.000244
6 46 0.000246
6 51 0.000236
6 56 0.000237
6 61 0.000234
6 66 0.000238
6 71 0.000237
6 76 0.000229
6 81 0.000252
6 86 0.000232
6 91 0.000235
6 96 0.000255
11 1 0.000257
11 6 0.000244
11 11 0.000229
11 16 0.00023
11 21 0.000238
11 26 0.000223
11 31 0.000233
11 36 0.00023
11 41 0.000246
11 46 0.000308
11 51 0.00023
11 56 0.000219
11 61 0.000245
11 66 0.000246
11 71 0.000322
11 76 0.000294
11 81 0.000237
11 86 0.000229
11 91 0.000338
11 96 0.000243
16 1 0.000262
16 6 0.000234
16 11 0.000235
16 16 0.000236
16 21 0.000234
16 26 0.000224
16 31 0.000231
16 36 0.000224
16 41 0.000223
16 46 0.000252
16 51 0.00022
16 56 0.000222
16 61 0.000222
16 66 0.000222
16 71 0.000241
16 76 0.000254
16 81 0.00024
16 86 0.000234
16 91 0.00023
16 96 0.00025
21 1 0.00029
21 6 0.000242
21 11 0.000236
21 16 0.000217
21 21 0.000239
21 26 0.000235
21 31 0.000232
21 36 0.00022
21 41 0.000216
21 46 0.000246
21 51 0.000242
21 56 0.000249
21 61 0.000236
21 66 0.000267
21 71 0.000253
21 76 0.000244
21 81 0.000235
21 86 0.000258
21 91 0.000241
21 96 0.000231
26 1 0.000237
26 6 0.000234
26 11 0.000235
26 16 0.000225
26 21 0.000228
26 26 0.000231
26 31 0.000299
26 36 0.000232
26 41 0.00022
26 46 0.000231
26 51 0.000237
26 56 0.000246
26 61 0.000299
26 66 0.000258
26 71 0.000219
26 76 0.00032
26 81 0.000227
26 86 0.000258
26 91 0.000267
26 96 0.000306
31 1 0.000233
31 6 0.000237
31 11 0.000236
31 16 0.000216
31 21 0.000228
31 26 0.000213
31 31 0.000257
31 36 0.000247
31 41 0.000231
31 46 0.000236
31 51 0.000232
31 56 0.000216
31 61 0.00023
31 66 0.000238
31 71 0.000241
31 76 0.000242
31 81 0.000227
31 86 0.000254
31 91 0.000235
31 96 0.000253
36 1 0.000257
36 6 0.000253
36 11 0.000237
36 16 0.000242
36 21 0.000358
36 26 0.000318
36 31 0.000234
36 36 0.000214
36 41 0.000218
36 46 0.000222
36 51 0.000295
36 56 0.000232
36 61 0.000245
36 66 0.000227
36 71 0.000226
36 76 0.000231
36 81 0.000248
36 86 0.000287
36 91 0.000334
36 96 0.000319
41 1 0.000327
41 6 0.000306
41 11 0.000234
41 16 0.000318
41 21 0.000319
41 26 0.000335
41 31 0.000377
41 36 0.000354
41 41 0.000312
41 46 0.000254
41 51 0.000244
41 56 0.000264
41 61 0.000266
41 66 0.000247
41 71 0.000236
41 76 0.000315
41 81 0.000266
41 86 0.000248
41 91 0.000244
41 96 0.000429
46 1 0.00026
46 6 0.000278
46 11 0.000224
46 16 0.000234
46 21 0.000243
46 26 0.000217
46 31 0.000306
46 36 0.000238
46 41 0.000232
46 46 0.000245
46 51 0.000224
46 56 0.000252
46 61 0.000245
46 66 0.000228
46 71 0.000249
46 76 0.000244
46 81 0.000252
46 86 0.000242
46 91 0.000243
46 96 0.000241
51 1 0.000247
51 6 0.000359
51 11 0.000288
51 16 0.000228
51 21 0.000218
51 26 0.000217
51 31 0.000293
51 36 0.000313
51 41 0.000323
51 46 0.000343
51 51 0.000258
51 56 0.000288
51 61 0.000246
51 66 0.000261
51 71 0.000255
51 76 0.000348
51 81 0.000255
51 86 0.000244
51 91 0.000237
51 96 0.000242
56 1 0.000241
56 6 0.000248
56 11 0.000233
56 16 0.000287
56 21 0.000242
56 26 0.00027
56 31 0.000217
56 36 0.000235
56 41 0.000246
56 46 0.000274
56 51 0.00028
56 56 0.000288
56 61 0.0003
56 66 0.000334
56 71 0.000294
56 76 0.000322
56 81 0.000278
56 86 0.000281
56 91 0.000237
56 96 0.000282
61 1 0.000332
61 6 0.000309
61 11 0.000266
61 16 0.000282
61 21 0.000291
61 26 0.000296
61 31 0.000271
61 36 0.000277
61 41 0.000294
61 46 0.000338
61 51 0.000283
61 56 0.000342
61 61 0.000302
61 66 0.000299
61 71 0.000266
61 76 0.000319
61 81 0.000304
61 86 0.000308
61 91 0.000289
61 96 0.000312
66 1 0.000274
66 6 0.000305
66 11 0.000273
66 16 0.000246
66 21 0.000309
66 26 0.000264
66 31 0.00024
66 36 0.000271
66 41 0.000262
66 46 0.000299
66 51 0.000301
66 56 0.000305
66 61 0.000277
66 66 0.000281
66 71 0.000281
66 76 0.000407
66 81 0.000262
66 86 0.000323
66 91 0.000308
66 96 0.000255
71 1 0.000307
71 6 0.000359
71 11 0.000261
71 16 0.000317
71 21 0.000299
71 26 0.000288
71 31 0.000247
71 36 0.000269
71 41 0.000303
71 46 0.0003
71 51 0.000287
71 56 0.000294
71 61 0.000262
71 66 0.000289
71 71 0.000283
71 76 0.000303
71 81 0.000284
71 86 0.000297
71 91 0.000359
71 96 0.000272
76 1 0.000276
76 6 0.00028
76 11 0.000248
76 16 0.000238
76 21 0.000278
76 26 0.00029
76 31 0.000289
76 36 0.000296
76 41 0.000299
76 46 0.000308
76 51 0.000306
76 56 0.000289
76 61 0.000278
76 66 0.00028
76 71 0.000346
76 76 0.000294
76 81 0.000346
76 86 0.000237
76 91 0.00033
76 96 0.00032
81 1 0.000309
81 6 0.000248
81 11 0.000259
81 16 0.00028
81 21 0.000299
81 26 0.000314
81 31 0.000327
81 36 0.000332
81 41 0.00031
81 46 0.000333
81 51 0.000243
81 56 0.00032
81 61 0.000295
81 66 0.000286
81 71 0.000326
81 76 0.000299
81 81 0.000374
81 86 0.000258
81 91 0.000275
81 96 0.000265
86 1 0.00034
86 6 0.000273
86 11 0.00024
86 16 0.000251
86 21 0.00031
86 26 0.000388
86 31 0.00024
86 36 0.000254
86 41 0.000295
86 46 0.000282
86 51 0.000263
86 56 0.000267
86 61 0.000319
86 66 0.00036
86 71 0.000298
86 76 0.00028
86 81 0.000266
86 86 0.000264
86 91 0.000273
86 96 0.00026
91 1 0.000258
91 6 0.000273
91 11 0.000291
91 16 0.000295
91 21 0.000284
91 26 0.000276
91 31 0.000272
91 36 0.000262
91 41 0.000268
91 46 0.000281
91 51 0.00028
91 56 0.000281
91 61 0.00028
91 66 0.000304
91 71 0.000267
91 76 0.00024
91 81 0.000298
91 86 0.000253
91 91 0.000357
91 96 0.000254
96 1 0.000262
96 6 0.000302
96 11 0.000238
96 16 0.000294
96 21 0.00029
96 26 0.000289
96 31 0.000237
96 36 0.000234
96 41 0.000287
96 46 0.000281
96 51 0.000299
96 56 0.00035
96 61 0.000269
96 66 0.000311
96 71 0.000301
96 76 0.000244
96 81 0.000288
96 86 0.000333
96 91 0.000312
96 96 0.000252
1 1 0.000378
1 6 0.000294
1 11 0.000301
1 16 0.000282
1 21 0.000261
1 26 0.000263
1 31 0.00027
1 36 0.000258
1 41 0.00033
1 46 0.000329
1 51 0.000294
1 56 0.000334
1 61 0.00029
1 66 0.000255
1 71 0.00026
1 76 0.000313
1 81 0.00033
1 86 0.000318
1 91 0.000278
1 96 0.00026
6 1 0.000332
6 6 0.000302
6 11 0.000277
6 16 0.000268
6 21 0.00026
6 26 0.000273
6 31 0.000294
6 36 0.000346
6 41 0.000279
6 46 0.000358
6 51 0.000289
6 56 0.000279
6 61 0.000349
6 66 0.000384
6 71 0.000316
6 76 0.000321
6 81 0.000245
6 86 0.000319
6 91 0.000269
6 96 0.000268
11 1 0.000343
11 6 0.000356
11 11 0.000221
11 16 0.000302
11 21 0.000292
11 26 0.000425
11 31 0.000326
11 36 0.000294
11 41 0.000325
11 46 0.000234
11 51 0.000295
11 56 0.000323
11 61 0.000267
11 66 0.000248
11 71 0.000263
11 76 0.000249
11 81 0.000243
11 86 0.000324
11 91 0.000251
11 96 0.000263
16 1 0.000308
16 6 0.000278
16 11 0.000261
16 16 0.000269
16 21 0.000465
16 26 0.000249
16 31 0.000346
16 36 0.000311
16 41 0.000268
16 46 0.000331
16 51 0.000349
16 56 0.000255
16 61 0.000286
16 66 0.000349
16 71 0.000248
16 76 0.000348
16 81 0.000265
16 86 0.000304
16 91 0.000315
16 96 0.000388
21 1 0.000333
21 6 0.000286
21 11 0.00029
21 16 0.000272
21 21 0.000286
21 26 0.000283
21 31 0.000335
21 36 0.00027
21 41 0.000289
21 46 0.000273
21 51 0.000409
21 56 0.000287
21 61 0.000293
21 66 0.000399
21 71 0.000306
21 76 0.000273
21 81 0.0003
21 86 0.000292
21 91 0.000376
21 96 0.000265
26 1 0.00034
26 6 0.000336
26 11 0.000279
26 16 0.000264
26 21 0.000256
26 26 0.000262
26 31 0.000255
26 36 0.000266
26 41 0.000247
26 46 0.000244
26 51 0.000268
26 56 0.000314
26 61 0.000337
26 66 0.000248
26 71 0.00026
26 76 0.00035
26 81 0.000259
26 86 0.000363
26 91 0.00024
26 96 0.000259
31 1 0.000305
31 6 0.00031
31 11 0.000287
31 16 0.000379
31 21 0.000262
31 26 0.000316
31 31 0.00029
31 36 0.000387
31 41 0.000258
31 46 0.000321
31 51 0.000279
31 56 0.00028
31 61 0.000351
31 66 0.000291
31 71 0.000349
31 76 0.000276
31 81 0.000255
31 86 0.000282
31 91 0.00026
31 96 0.000311
36 1 0.000303
36 6 0.000315
36 11 0.000369
36 16 0.000242
36 21 0.000269
36 26 0.000296
36 31 0.000301
36 36 0.000267
36 41 0.000265
36 46 0.000354
36 51 0.000445
36 56 0.00039
36 61 0.000353
36 66 0.000371
36 71 0.000257
36 76 0.000381
36 81 0.000353
36 86 0.000398
36 91 0.000336
36 96 0.000314
41 1 0.000365
41 6 0.000316
41 11 0.000379
41 16 0.000264
41 21 0.000273
41 26 0.000294
41 31 0.000284
41 36 0.000453
41 41 0.000308
41 46 0.000265
41 51 0.000211
41 56 0.00021
41 61 0.00027
41 66 0.000291
41 71 0.000344
41 76 0.000329
41 81 0.000312
41 86 0.000319
41 91 0.000308
41 96 0.000309
46 1 0.000356
46 6 0.000367
46 11 0.000325
46 16 0.000318
46 21 0.000333
46 26 0.00034
46 31 0.000351
46 36 0.000333
46 41 0.00046
46 46 0.000341
46 51 0.000339
46 56 0.000388
46 61 0.000325
46 66 0.000414
46 71 0.000362
46 76 0.000442
46 81 0.000396
46 86 0.000335
46 91 0.000337
46 96 0.00098
51 1 0.000391
51 6 0.000329
51 11 0.00035
51 16 0.000327
51 21 0.000351
51 26 0.00039
51 31 0.000369
51 36 0.000349
51 41 0.00034
51 46 0.000365
51 51 0.00035
51 56 0.000326
51 61 0.000422
51 66 0.000323
51 71 0.000331
51 76 0.000325
51 81 0.000392
51 86 0.000334
51 91 0.000326
51 96 0.000382
56 1 0.00033
56 6 0.000339
56 11 0.000247
56 16 0.000345
56 21 0.000329
56 26 0.000314
56 31 0.00034
56 36 0.000379
56 41 0.000412
56 46 0.000385
56 51 0.000345
56 56 0.000825
56 61 0.000348
56 66 0.000291
56 71 0.000355
56 76 0.000392
56 81 0.000333
56 86 0.000421
56 91 0.000712
56 96 0.000345
61 1 0.000308
61 6 0.00045
61 11 0.000291
61 16 0.000688
61 21 0.000341
61 26 0.000424
61 31 0.000313
61 36 0.000353
61 41 0.000328
61 46 0.000322
61 51 0.000344
61 56 0.000357
61 61 0.000374
61 66 0.000405
61 71 0.000324
61 76 0.000393
61 81 0.000427
61 86 0.00032
61 91 0.000269
61 96 0.000343
66 1 0.000341
66 6 0.000326
66 11 0.000431
66 16 0.000322
66 21 0.000269
66 26 0.00033
66 31 0.000327
66 36 0.00035
66 41 0.000399
66 46 0.00031
66 51 0.000326
66 56 0.000415
66 61 0.000388
66 66 0.000309
66 71 0.000329
66 76 0.000354
66 81 0.000335
66 86 0.000242
66 91 0.000318
66 96 0.000369
71 1 0.000301
71 6 0.00023
71 11 0.000334
71 16 0.000331
71 21 0.000382
71 26 0.000305
71 31 0.000349
71 36 0.000358
71 41 0.000324
71 46 0.000334
71 51 0.000417
71 56 0.000283
71 61 0.000323
71 66 0.000329
71 71 0.000329
71 76 0.000373
71 81 0.000326
71 86 0.000335
71 91 0.000322
71 96 0.000351
76 1 0.000301
76 6 0.000334
76 11 0.000151
76 16 0.000141
76 21 0.000359
76 26 0.000325
76 31 0.000352
76 36 0.000355
76 41 0.000323
76 46 0.000339
76 51 0.000347
76 56 0.000375
76 61 0.00035
76 66 0.000424
76 71 0.000399
76 76 0.000349
76 81 0.000544
76 86 0.000346
76 91 0.00033
76 96 0.000396
81 1 0.000314
81 6 0.000345
81 11 0.000345
81 16 0.000355
81 21 0.000345
81 26 0.000292
81 31 0.00032
81 36 0.000337
81 41 0.000464
81 46 0.000333
81 51 0.000387
81 56 0.000385
81 61 0.000267
81 66 0.000399
81 71 0.000544
81 76 0.000471
81 81 0.000354
81 86 0.000276
81 91 0.000462
81 96 0.000589
86 1 0.000333
86 6 0.000393
86 11 0.000273
86 16 0.000369
86 21 0.00033
86 26 0.000394
86 31 0.000383
86 36 0.000388
86 41 0.000434
86 46 0.000457
86 51 0.000317
86 56 0.000366
86 61 0.000275
86 66 0.000326
86 71 0.000317
86 76 0.000734
86 81 0.00042
86 86 0.000401
86 91 0.000366
86 96 0.000975
91 1 0.000448
91 6 0.000274
91 11 0.000342
91 16 0.000351
91 21 0.000328
91 26 0.000392
91 31 0.000549
91 36 0.000395
91 41 0.000329
91 46 0.000601
91 51 0.000685
91 56 0.000398
91 61 0.000453
91 66 0.000349
91 71 0.000404
91 76 0.000299
91 81 0.000487
91 86 0.000336
91 91 0.000667
91 96 0.000745
96 1 0.000335
96 6 0.00032
96 11 0.000336
96 16 0.000469
96 21 0.000652
96 26 0.00088
96 31 0.000328
96 36 0.000367
96 41 0.000544
96 46 0.00043
96 51 0.000462
96 56 0.000326
96 61 0.000551
96 66 0.000487
96 71 0.0004
96 76 0.00033
96 81 0.000326
96 86 0.000332
96 91 0.000336
96 96 0.000331
1 1 0.000275
1 6 0.000512
1 11 0.000423
1 16 0.00031
1 21 0.000277
1 26 0.000248
1 31 0.000241
1 36 0.000319
1 41 0.000291
1 46 0.000244
1 51 0.000326
1 56 0.000365
1 61 0.00025
1 66 0.000248
1 71 0.000326
1 76 0.000302
1 81 0.000263
1 86 0.000357
1 91 0.000301
1 96 0.000371
6 1 0.000278
6 6 0.000281
6 11 0.000254
6 16 0.000263
6 21 0.000309
6 26 0.000363
6 31 0.000284
6 36 0.000295
6 41 0.000345
6 46 0.000264
6 51 0.000235
6 56 0.000269
6 61 0.000252
6 66 0.000315
6 71 0.000307
6 76 0.000258
6 81 0.000257
6 86 0.000341
6 91 0.000232
6 96 0.000331
11 1 0.000273
11 6 0.000258
11 11 0.000244
11 16 0.000251
11 21 0.000302
11 26 0.000322
11 31 0.00031
11 36 0.000313
11 41 0.000273
11 46 0.000245
11 51 0.000344
11 56 0.000282
11 61 0.000277
11 66 0.000314
11 71 0.000265
11 76 0.000299
11 81 0.000257
11 86 0.000345
11 91 0.000289
11 96 0.000252
16 1 0.000287
16 6 0.000392
16 11 0.000275
16 16 0.000247
16 21 0.000261
16 26 0.000244
16 31 0.00028
16 36 0.000242
16 41 0.000273
16 46 0.000291
16 51 0.000281
16 56 0.000296
16 61 0.000281
16 66 0.000264
16 71 0.000291
16 76 0.000285
16 81 0.000274
16 86 0.000243
16 91 0.000228
16 96 0.000306
21 1 0.000275
21 6 0.000266
21 11 0.00026
21 16 0.000262
21 21 0.000264
21 26 0.000239
21 31 0.000234
21 36 0.000258
21 41 0.000236
21 46 0.000316
21 51 0.000359
21 56 0.00027
21 61 0.00032
21 66 0.000251
21 71 0.000234
21 76 0.000262
21 81 0.000235
21 86 0.000275
21 91 0.000331
21 96 0.00032
26 1 0.0003
26 6 0.000258
26 11 0.000283
26 16 0.000268
26 21 0.000292
26 26 0.000295
26 31 0.000239
26 36 0.000238
26 41 0.000248
26 46 0.000322
26 51 0.000285
26 56 0.000334
26 61 0.000331
26 66 0.000348
26 71 0.000398
26 76 0.000359
26 81 0.000262
26 86 0.000275
26 91 0.000283
26 96 0.000282
31 1 0.000275
31 6 0.000249
31 11 0.000354
31 16 0.000331
31 21 0.000303
31 26 0.000297
31 31 0.000248
31 36 0.000265
31 41 0.000307
31 46 0.000308
31 51 0.000326
31 56 0.000312
31 61 0.000279
31 66 0.00024
31 71 0.000285
31 76 0.000324
31 81 0.00026
31 86 0.000265
31 91 0.000261
31 96 0.000273
36 1 0.000373
36 6 0.000246
36 11 0.000226
36 16 0.000258
36 21 0.000283
36 26 0.00028
36 31 0.000265
36 36 0.000298
36 41 0.000317
36 46 0.000272
36 51 0.000274
36 56 0.000272
36 61 0.000297
36 66 0.000277
36 71 0.000256
36 76 0.000266
36 81 0.00026
36 86 0.000252
36 91 0.000278
36 96 0.000315
41 1 0.00026
41 6 0.00025
41 11 0.000285
41 16 0.000291
41 21 0.000286
41 26 0.000306
41 31 0.000238
41 36 0.00032
41 41 0.00025
41 46 0.000256
41 51 0.000276
41 56 0.000303
41 61 0.000264
41 66 0.000282
41 71 0.000256
41 76 0.000363
41 81 0.000338
41 86 0.000249
41 91 0.000278
41 96 0.000244
46 1 0.000304
46 6 0.000264
46 11 0.00028
46 16 0.00028
46 21 0.000257
46 26 0.000286
46 31 0.000356
46 36 0.000322
46 41 0.000279
46 46 0.000381
46 51 0.000344
46 56 0.000345
46 61 0.000374
46 66 0.000242
46 71 0.000296
46 76 0.000264
46 81 0.000289
46 86 0.000252
46 91 0.000234
46 96 0.000265
51 1 0.000232
51 6 0.000271
51 11 0.0003
51 16 0.000249
51 21 0.000255
51 26 0.000299
51 31 0.000277
51 36 0.000298
51 41 0.000268
51 46 0.000279
51 51 0.000244
51 56 0.00029
51 61 0.000308
51 66 0.000272
51 71 0.000295
51 76 0.000258
51 81 0.000284
51 86 0.000306
51 91 0.000339
51 96 0.000248
56 1 0.000272
56 6 0.000265
56 11 0.000426
56 16 0.000248
56 21 0.000248
56 26 0.000261
56 31 0.000265
56 36 0.000275
56 41 0.000253
56 46 0.000291
56 51 0.000301
56 56 0.000291
56 61 0.000288
56 66 0.000315
56 71 0.000265
56 76 0.00027
56 81 0.000364
56 86 0.00029
56 91 0.000238
56 96 0.000246
61 1 0.000283
61 6 0.000248
61 11 0.000256
61 16 0.000269
61 21 0.000268
61 26 0.000292
61 31 0.00032
61 36 0.000307
61 41 0.000244
61 46 0.000247
61 51 0.000264
61 56 0.000284
61 61 0.000245
61 66 0.000344
61 71 0.000275
61 76 0.000315
61 81 0.000355
61 86 0.000233
61 91 0.000245
61 96 0.000258
66 1 0.000251
66 6 0.000261
66 11 0.000255
66 16 0.000239
66 21 0.000285
66 26 0.000295
66 31 0.000241
66 36 0.000258
66 41 0.000281
66 46 0.000271
66 51 0.000397
66 56 0.000307
66 61 0.000256
66 66 0.000238
66 71 0.000262
66 76 0.000257
66 81 0.000247
66 86 0.000241
66 91 0.000289
66 96 0.000235
71 1 0.00027
71 6 0.000283
71 11 0.000247
71 16 0.000262
71 21 0.000282
71 26 0.000256
71 31 0.000287
71 36 0.000295
71 41 0.000338
71 46 0.000408
71 51 0.000368
71 56 0.000253
71 61 0.000239
71 66 0.000374
71 71 0.000304
71 76 0.000285
71 81 0.000285
71 86 0.000248
71 91 0.000251
71 96 0.000261
76 1 0.000314
76 6 0.000244
76 11 0.00032
76 16 0.000272
76 21 0.000286
76 26 0.000301
76 31 0.0003
76 36 0.00028
76 41 0.000289
76 46 0.00025
76 51 0.000286
76 56 0.000289
76 61 0.000232
76 66 0.000339
76 71 0.000276
76 76 0.00026
76 81 0.000263
76 86 0.000264
76 91 0.000247
76 96 0.000264
81 1 0.000267
81 6 0.000309
81 11 0.000243
81 16 0.000369
81 21 0.000248
81 26 0.000247
81 31 0.000273
81 36 0.000286
81 41 0.000363
81 46 0.000317
81 51 0.000241
81 56 0.000293
81 61 0.000259
81 66 0.000336
81 71 0.000327
81 76 0.000343
81 81 0.000245
81 86 0.000265
81 91 0.000299
81 96 0.00027
86 1 0.000249
86 6 0.000343
86 11 0.000256
86 16 0.000326
86 21 0.000284
86 26 0.000337
86 31 0.000298
86 36 0.000275
86 41 0.000294
86 46 0.000311
86 51 0.000275
86 56 0.000282
86 61 0.000281
86 66 0.000327
86 71 0.000316
86 76 0.000269
86 81 0.000334
86 86 0.000236
86 91 0.0003
86 96 0.000272
91 1 0.000271
91 6 0.000244
91 11 0.000239
91 16 0.00026
91 21 0.000264
91 26 0.000302
91 31 0.000369
91 36 0.000276
91 41 0.000343
91 46 0.000247
91 51 0.000417
91 56 0.000362
91 61 0.000303
91 66 0.00027
91 71 0.000323
91 76 0.000285
91 81 0.000267
91 86 0.000256
91 91 0.000307
91 96 0.000295
96 1 0.000329
96 6 0.00031
96 11 0.000248
96 16 0.000251
96 21 0.000247
96 26 0.000232
96 31 0.000253
96 36 0.000305
96 41 0.000279
96 46 0.000297
96 51 0.00028
96 56 0.000272
96 61 0.000262
96 66 0.000227
96 71 0.000289
96 76 0.000246
96 81 0.000271
96 86 0.000317
96 91 0.000319
96 96 0.000248
1 1 0.00031
1 6 0.000321
1 11 0.000304
1 16 0.000236
1 21 0.000235
1 26 0.000224
1 31 0.000304
1 36 0.000291
1 41 0.000259
1 46 0.000311
1 51 0.00029
1 56 0.000275
1 61 0.000263
1 66 0.000303
1 71 0.000328
1 76 0.000274
1 81 0.000277
1 86 0.000265
1 91 0.00028
1 96 0.000261
6 1 0.000249
6 6 0.000296
6 11 0.000271
6 16 0.000295
6 21 0.000268
6 26 0.000371
6 31 0.000338
6 36 0.0003
6 41 0.000286
6 46 0.000253
6 51 0.000279
6 56 0.000287
6 61 0.000256
6 66 0.00034
6 71 0.000292
6 76 0.000289
6 81 0.000291
6 86 0.000267
6 91 0.00029
6 96 0.00024
11 1 0.000271
11 6 0.000286
11 11 0.000246
11 16 0.000283
11 21 0.000263
11 26 0.000262
11 31 0.00025
11 36 0.000282
11 41 0.000271
11 46 0.000285
11 51 0.000288
11 56 0.00028
11 61 0.000226
11 66 0.000362
11 71 0.000276
11 76 0.000301
11 81 0.000242
11 86 0.000292
11 91 0.000236
11 96 0.00026
16 1 0.000308
16 6 0.000352
16 11 0.000258
16 16 0.000302
16 21 0.000262
16 26 0.000239
16 31 0.000292
16 36 0.000284
16 41 0.000302
16 46 0.000349
16 51 0.000313
16 56 0.000261
16 61 0.000288
16 66 0.000248
16 71 0.000409
16 76 0.000256
16 81 0.000353
16 86 0.00026
16 91 0.000272
16 96 0.000279
21 1 0.000341
21 6 0.00029
21 11 0.000261
21 16 0.000261
21 21 0.000387
21 26 0.0003
21 31 0.000244
21 36 0.000244
21 41 0.000257
21 46 0.000262
21 51 0.000317
21 56 0.000242
21 61 0.000262
21 66 0.000244
21 71 0.000302
21 76 0.000239
21 81 0.00024
21 86 0.000311
21 91 0.000314
21 96 0.000264
26 1 0.000359
26 6 0.000285
26 11 0.000287
26 16 0.000256
26 21 0.00028
26 26 0.000266
26 31 0.000281
26 36 0.000326
26 41 0.000259
26 46 0.000251
26 51 0.000325
26 56 0.000276
26 61 0.000268
26 66 0.000244
26 71 0.000253
26 76 0.000235
26 81 0.00029
26 86 0.000257
26 91 0.000266
26 96 0.000257
31 1 0.000329
31 6 0.000303
31 11 0.000272
31 16 0.000266
31 21 0.000256
31 26 0.000251
31 31 0.000288
31 36 0.000298
31 41 0.000248
31 46 0.000315
31 51 0.000395
31 56 0.000307
31 61 0.000243
31 66 0.000251
31 71 0.000313
31 76 0.00031
31 81 0.00027
31 86 0.000301
31 91 0.000302
31 96 0.000324
36 1 0.000346
36 6 0.000371
36 11 0.000254
36 16 0.000271
36 21 0.000276
36 26 0.000266
36 31 0.000304
36 36 0.000289
36 41 0.000277
36 46 0.000266
36 51 0.000268
36 56 0.000253
36 61 0.000278
36 66 0.000272
36 71 0.000252
36 76 0.000281
36 81 0.000294
36 86 0.000245
36 91 0.00029
36 96 0.000273
41 1 0.000284
41 6 0.00031
41 11 0.000331
41 16 0.000242
41 21 0.000267
41 26 0.000262
41 31 0.000289
41 36 0.000278
41 41 0.000269
41 46 0.000286
41 51 0.000405
41 56 0.000272
41 61 0.000251
41 66 0.000262
41 71 0.000316
41 76 0.000248
41 81 0.000373
41 86 0.000318
41 91 0.000257
41 96 0.000285
46 1 0.00035
46 6 0.00026
46 11 0.000279
46 16 0.000307
46 21 0.000321
46 26 0.000353
46 31 0.000242
46 36 0.000275
46 41 0.000434
46 46 0.00031
46 51 0.000249
46 56 0.000276
46 61 0.000246
46 66 0.00026
46 71 0.000296
46 76 0.000242
46 81 0.000253
46 86 0.000247
46 91 0.000258
46 96 0.000298
51 1 0.000301
51 6 0.000303
51 11 0.000242
51 16 0.000297
51 21 0.000277
51 26 0.000264
51 31 0.00031
51 36 0.000329
51 41 0.000268
51 46 0.000293
51 51 0.000274
51 56 0.000257
51 61 0.000241
51 66 0.000341
51 71 0.000295
51 76 0.000294
51 81 0.000263
51 86 0.000266
51 91 0.000289
51 96 0.000277
56 1 0.000264
56 6 0.000279
56 11 0.000249
56 16 0.000307
56 21 0.000238
56 26 0.000287
56 31 0.000268
56 36 0.000307
56 41 0.000282
56 46 0.00029
56 51 0.000351
56 56 0.000272
56 61 0.00026
56 66 0.000269
56 71 0.000358
56 76 0.000311
56 81 0.000275
56 86 0.000289
56 91 0.000423
56 96 0.000244
61 1 0.000252
61 6 0.000245
61 11 0.000249
61 16 0.000313
61 21 0.000231
61 26 0.00025
61 31 0.000375
61 36 0.000284
61 41 0.000244
61 46 0.000344
61 51 0.000313
61 56 0.000318
61 61 0.000358
61 66 0.000241
61 71 0.000315
61 76 0.000248
61 81 0.000357
61 86 0.000369
61 91 0.000257
61 96 0.000235
66 1 0.000331
66 6 0.000244
66 11 0.000249
66 16 0.00027
66 21 0.000305
66 26 0.000295
66 31 0.000278
66 36 0.000252
66 41 0.000306
66 46 0.000274
66 51 0.000341
66 56 0.000251
66 61 0.00027
66 66 0.000306
66 71 0.000267
66 76 0.000284
66 81 0.000341
66 86 0.000273
66 91 0.000257
66 96 0.000266
71 1 0.000304
71 6 0.000277
71 11 0.000284
71 16 0.000298
71 21 0.000267
71 26 0.000301
71 31 0.000338
71 36 0.000329
71 41 0.000283
71 46 0.000329
71 51 0.000239
71 56 0.000327
71 61 0.000323
71 66 0.000256
71 71 0.000379
71 76 0.000261
71 81 0.000263
71 86 0.000373
71 91 0.00033
71 96 0.000255
76 1 0.000301
76 6 0.000277
76 11 0.000284
76 16 0.000316
76 21 0.000319
76 26 0.00031
76 31 0.000358
76 36 0.000309
76 41 0.000287
76 46 0.000288
76 51 0.000309
76 56 0.000334
76 61 0.000332
76 66 0.000273
76 71 0.000251
76 76 0.000296
76 81 0.000395
76 86 0.000274
76 91 0.000309
76 96 0.000275
81 1 0.00025
81 6 0.000328
81 11 0.000289
81 16 0.000364
81 21 0.000336
81 26 0.000252
81 31 0.000291
81 36 0.000243
81 41 0.000247
81 46 0.000296
81 51 0.000244
81 56 0.000348
81 61 0.000282
81 66 0.000249
81 71 0.000315
81 76 0.00033
81 81 0.000254
81 86 0.00025
81 91 0.000294
81 96 0.000271
86 1 0.000244
86 6 0.000263
86 11 0.000244
86 16 0.000295
86 21 0.000265
86 26 0.000273
86 31 0.000341
86 36 0.000377
86 41 0.000276
86 46 0.000304
86 51 0.000251
86 56 0.00032
86 61 0.000265
86 66 0.000317
86 71 0.000296
86 76 0.000247
86 81 0.000259
86 86 0.000271
86 91 0.000306
86 96 0.000314
91 1 0.00025
91 6 0.000302
91 11 0.000263
91 16 0.000278
91 21 0.000248
91 26 0.000313
91 31 0.000235
91 36 0.000271
91 41 0.000264
91 46 0.000257
91 51 0.000268
91 56 0.000265
91 61 0.000303
91 66 0.000232
91 71 0.00031
91 76 0.000298
91 81 0.000254
91 86 0.000312
91 91 0.000269
91 96 0.000248
96 1 0.000314
96 6 0.000248
96 11 0.000275
96 16 0.000291
96 21 0.000237
96 26 0.000263
96 31 0.000244
96 36 0.000275
96 41 0.000285
96 46 0.000275
96 51 0.000364
96 56 0.000334
96 61 0.000261
96 66 0.000259
96 71 0.000318
96 76 0.000255
96 81 0.000263
96 86 0.000303
96 91 0.000253
96 96 0.000282
