1 1 790056
1 6 790056
1 11 790056
1 16 790056
1 21 790056
1 26 790056
1 31 790056
1 36 790056
1 41 790056
1 46 790056
1 51 790056
1 56 790056
1 61 790056
1 66 790056
1 71 790056
1 76 790056
1 81 790056
1 86 790056
1 91 790056
1 96 790056
6 1 790056
6 6 790084
6 11 790084
6 16 790084
6 21 790091
6 26 790084
6 31 790084
6 36 790091
6 41 790084
6 46 790091
6 51 790091
6 56 790084
6 61 790084
6 66 790091
6 71 790091
6 76 790091
6 81 790084
6 86 790084
6 91 790084
6 96 790091
11 1 790056
11 6 790098
11 11 790119
11 16 790126
11 21 790126
11 26 790119
11 31 790119
11 36 790119
11 41 790126
11 46 790126
11 51 790126
11 56 790126
11 61 790119
11 66 790119
11 71 790119
11 76 790126
11 81 790126
11 86 790119
11 91 790126
11 96 790126
16 1 790056
16 6 790119
16 11 790140
16 16 790161
16 21 790154
16 26 790168
16 31 790161
16 36 790175
16 41 790161
16 46 790154
16 51 790154
16 56 790168
16 61 790154
16 66 790154
16 71 790161
16 76 790154
16 81 790161
16 86 790161
16 91 790161
16 96 790154
21 1 790056
21 6 790105
21 11 790147
21 16 790182
21 21 790196
21 26 790189
21 31 790196
21 36 790189
21 41 790189
21 46 790203
21 51 790196
21 56 790189
21 61 790196
21 66 790189
21 71 790189
21 76 790196
21 81 790196
21 86 790196
21 91 790203
21 96 790189
26 1 790056
26 6 790105
26 11 790147
26 16 790182
26 21 790217
26 26 790231
26 31 790231
26 36 790224
26 41 790224
26 46 790224
26 51 790231
26 56 790224
26 61 790224
26 66 790238
26 71 790231
26 76 790224
26 81 790231
26 86 790224
26 91 790231
26 96 790231
31 1 790056
31 6 790119
31 11 790168
31 16 790203
31 21 790224
31 26 790245
31 31 790259
31 36 790266
31 41 790259
31 46 790266
31 51 790259
31 56 790259
31 61 790259
31 66 790266
31 71 790259
31 76 790266
31 81 790266
31 86 790273
31 91 790266
31 96 790266
36 1 790056
36 6 790119
36 11 790154
36 16 790196
36 21 790252
36 26 790259
36 31 790273
36 36 790294
36 41 790294
36 46 790294
36 51 790308
36 56 790294
36 61 790294
36 66 790294
36 71 790308
36 76 790294
36 81 790301
36 86 790301
36 91 790294
36 96 790294
41 1 790056
41 6 790119
41 11 790161
41 16 790217
41 21 790224
41 26 790259
41 31 790301
41 36 790322
41 41 790329
41 46 790336
41 51 790336
41 56 790329
41 61 790329
41 66 790329
41 71 790329
41 76 790336
41 81 790343
41 86 790336
41 91 790343
41 96 790343
46 1 790056
46 6 790126
46 11 790168
46 16 790231
46 21 790245
46 26 790280
46 31 790308
46 36 790350
46 41 790357
46 46 790371
46 51 790364
46 56 790364
46 61 790371
46 66 790371
46 71 790364
46 76 790364
46 81 790364
46 86 790364
46 91 790364
46 96 790364
51 1 790056
51 6 790126
51 11 790161
51 16 790252
51 21 790231
51 26 790315
51 31 790308
51 36 790364
51 41 790350
51 46 790385
51 51 790399
51 56 790399
51 61 790406
51 66 790399
51 71 790399
51 76 790399
51 81 790413
51 86 790413
51 91 790399
51 96 790399
56 1 790056
56 6 790112
56 11 790168
56 16 790231
56 21 790259
56 26 790308
56 31 790329
56 36 790364
56 41 790364
56 46 790448
56 51 790406
56 56 790434
56 61 790441
56 66 790441
56 71 790434
56 76 790448
56 81 790434
56 86 790434
56 91 790441
56 96 790434
61 1 790056
61 6 790126
61 11 790168
61 16 790217
61 21 790287
61 26 790294
61 31 790343
61 36 790357
61 41 790392
61 46 790427
61 51 790441
61 56 790483
61 61 790469
61 66 790483
61 71 790469
61 76 790483
61 81 790476
61 86 790483
61 91 790469
61 96 790469
66 1 790056
66 6 790119
66 11 790168
66 16 790245
66 21 790259
66 26 790294
66 31 790336
66 36 790364
66 41 790420
66 46 790448
66 51 790462
66 56 790483
66 61 790490
66 66 790511
66 71 790518
66 76 790504
66 81 790504
66 86 790504
66 91 790518
66 96 790504
71 1 790056
71 6 790126
71 11 790182
71 16 790231
71 21 790287
71 26 790301
71 31 790336
71 36 790399
71 41 790420
71 46 790462
71 51 790469
71 56 790511
71 61 790532
71 66 790525
71 71 790546
71 76 790546
71 81 790546
71 86 790553
71 91 790546
71 96 790539
76 1 790056
76 6 790119
76 11 790175
76 16 790245
76 21 790287
76 26 790329
76 31 790350
76 36 790399
76 41 790427
76 46 790448
76 51 790490
76 56 790504
76 61 790560
76 66 790560
76 71 790567
76 76 790574
76 81 790581
76 86 790581
76 91 790574
76 96 790574
81 1 790056
81 6 790126
81 11 790196
81 16 790245
81 21 790287
81 26 790329
81 31 790392
81 36 790392
81 41 790448
81 46 790490
81 51 790511
81 56 790518
81 61 790539
81 66 790539
81 71 790567
81 76 790616
81 81 790609
81 86 790609
81 91 790616
81 96 790609
86 1 790056
86 6 790119
86 11 790175
86 16 790252
86 21 790287
86 26 790329
86 31 790357
86 36 790413
86 41 790455
86 46 790518
86 51 790483
86 56 790567
86 61 790567
86 66 790567
86 71 790602
86 76 790630
86 81 790637
86 86 790651
86 91 790651
86 96 790644
91 1 790056
91 6 790126
91 11 790182
91 16 790231
91 21 790294
91 26 790385
91 31 790406
91 36 790420
91 41 790469
91 46 790455
91 51 790532
91 56 790567
91 61 790602
91 66 790588
91 71 790581
91 76 790644
91 81 790658
91 86 790672
91 91 790686
91 96 790679
96 1 790056
96 6 790126
96 11 790189
96 16 790245
96 21 790266
96 26 790315
96 31 790385
96 36 790434
96 41 790476
96 46 790511
96 51 790532
96 56 790574
96 61 790616
96 66 790616
96 71 790651
96 76 790672
96 81 790672
96 86 790707
96 91 790700
96 96 790728
1 1 790132
1 6 790153
1 11 17569177641879
1 16 790188
1 21 790209
1 26 17584175685576
1 31 17518219017195
1 36 790272
1 41 790314
1 46 17576131089955
1 51 790363
1 56 17490221200973
1 61 790328
1 66 17561421192325
1 71 790454
1 76 790454
1 81 17526668442834
1 86 17554194245344
1 91 790503
1 96 17570527567647
6 1 17487544739728
6 6 17494388851579
6 11 790181
6 16 17512433908133
6 21 790223
6 26 790265
6 31 790265
6 36 790286
6 41 17473584180266
6 46 17536409038911
6 51 790363
6 56 790384
6 61 790398
6 66 17479806068378
6 71 790503
6 76 790454
6 81 17517790873305
6 86 17479872779495
6 91 790510
6 96 17468269371679
11 1 790244
11 6 17494664875948
11 11 17457838950309
11 16 790202
11 21 790251
11 26 790265
11 31 790307
11 36 17579610416675
11 41 17476296972351
11 46 17541303059533
11 51 790328
11 56 17586842116208
11 61 790405
11 66 17502823011503
11 71 790468
11 76 17544203720893
11 81 790524
11 86 17560377049817
11 91 790531
11 96 17516403919626
16 1 790314
16 6 17540072353764
16 11 17555845403564
16 16 17555841846195
16 21 790251
16 26 790279
16 31 17510986501120
16 36 790321
16 41 790314
16 46 17556477041194
16 51 790405
16 56 790419
16 61 17464884057214
16 66 17535442780875
16 71 17552750922415
16 76 17476415609512
16 81 790531
16 86 17472499050180
16 91 17507678863121
16 96 790601
21 1 17478823911010
21 6 17517042483754
21 11 17468235199972
21 16 17484743438820
21 21 17577295552484
21 26 790279
21 31 17498958510606
21 36 790335
21 41 790349
21 46 790335
21 51 790377
21 56 17575057372833
21 61 790447
21 66 17549202207393
21 71 790482
21 76 790524
21 81 17462998564590
21 86 790566
21 91 790566
21 96 790622
26 1 17502577539752
26 6 17569232502903
26 11 790342
26 16 17581395472426
26 21 790300
26 26 790286
26 31 17486767890958
26 36 17467513780785
26 41 790370
26 46 790377
26 51 17563686394459
26 56 17566949392538
26 61 790468
26 66 17477638403233
26 71 790503
26 76 17513387743477
26 81 790524
26 86 17534735187259
26 91 17555321253165
26 96 790601
31 1 790524
31 6 790461
31 11 17562449842821
31 16 790356
31 21 17587842024483
31 26 17488076022826
31 31 790314
31 36 790349
31 41 17531411336781
31 46 790412
31 51 790377
31 56 17533034386074
31 61 790426
31 66 17589502275808
31 71 17483699172071
31 76 17492220064515
31 81 17463045234940
31 86 17498627067153
31 91 17494374726438
31 96 17523802472251
36 1 790594
36 6 17556644908263
36 11 790475
36 16 17518553685665
36 21 790391
36 26 790398
36 31 17457576526925
36 36 17530472591416
36 41 790349
36 46 17545304498793
36 51 790433
36 56 17517860133537
36 61 790461
36 66 17550897308363
36 71 17519413437166
36 76 17536641805585
36 81 17455977361702
36 86 790573
36 91 790608
36 96 17472385891187
41 1 790664
41 6 790580
41 11 790531
41 16 790482
41 21 790440
41 26 790447
41 31 17484099488894
41 36 790377
41 41 790356
41 46 790398
41 51 790426
41 56 790454
41 61 790482
41 66 790503
41 71 790531
41 76 790545
41 81 790587
41 86 790608
41 91 17510053725506
41 96 790685
46 1 790734
46 6 790664
46 11 790580
46 16 17545143377183
46 21 790489
46 26 17577990601896
46 31 17523613722785
46 36 17573344597672
46 41 790384
46 46 17581135690864
46 51 17535012527770
46 56 17524674194586
46 61 17553250282159
46 66 17535340435175
46 71 790517
46 76 17514119170335
46 81 17570818724162
46 86 790608
46 91 17560307937076
46 96 790671
51 1 17530653946886
51 6 17538180886450
51 11 17520883544435
51 16 17586584712002
51 21 790545
51 26 17570768761631
51 31 17477859193554
51 36 17463396172491
51 41 17506974655663
51 46 17532220255884
51 51 790433
51 56 17553859017377
51 61 790489
51 66 17531915653856
51 71 790552
51 76 790566
51 81 790594
51 86 17522194491202
51 91 17493271031639
51 96 17517396654465
56 1 790874
56 6 790790
56 11 790755
56 16 790678
56 21 17589412252510
56 26 790573
56 31 790601
56 36 790552
56 41 17555043782375
56 46 790510
56 51 17574924209313
56 56 790468
56 61 790482
56 66 17489529927911
56 71 790545
56 76 790580
56 81 790615
56 86 790650
56 91 790622
56 96 17457859976030
61 1 17457658013842
61 6 790860
61 11 17587861692443
61 16 17486433631175
61 21 790713
61 26 17564278535546
61 31 790629
61 36 17569942455113
61 41 790559
61 46 790517
61 51 17569873876185
61 56 17557115843296
61 61 790482
61 66 17574762317031
61 71 790566
61 76 17576951978250
61 81 17520275277627
61 86 17570389221719
61 91 17523906114440
61 96 17490841844595
66 1 791014
66 6 790944
66 11 790881
66 16 790790
66 21 790755
66 26 790734
66 31 17459294707108
66 36 17538676318544
66 41 17526319156034
66 46 17564361005869
66 51 17548927134502
66 56 17496583513831
66 61 17574376936672
66 66 17492818068206
66 71 790559
66 76 17501528187167
66 81 17470902756681
66 86 790643
66 91 17581799300453
66 96 17473646883741
71 1 17486247077150
71 6 791007
71 11 17533222069380
71 16 790867
71 21 790804
71 26 790776
71 31 17481034770375
71 36 17538425682824
71 41 790678
71 46 17493471678814
71 51 17577560396077
71 56 17589119847192
71 61 790559
71 66 790559
71 71 790545
71 76 790594
71 81 17479006744400
71 86 790615
71 91 790664
71 96 17476126250383
76 1 17551697506660
76 6 791070
76 11 790993
76 16 790916
76 21 790909
76 26 17581694810174
76 31 790797
76 36 17459193895381
76 41 17579886188992
76 46 790636
76 51 17549546990949
76 56 790671
76 61 790629
76 66 790643
76 71 17477293175092
76 76 17471574432017
76 81 790587
76 86 790657
76 91 790650
76 96 790685
81 1 791224
81 6 17515413651286
81 11 17465609513232
81 16 17554319035594
81 21 17562310007954
81 26 17505481319521
81 31 790874
81 36 790804
81 41 17505852819939
81 46 790776
81 51 17560160937899
81 56 17499972320108
81 61 790692
81 66 790671
81 71 790678
81 76 790615
81 81 17576801947451
81 86 790650
81 91 790650
81 96 790713
86 1 791294
86 6 791210
86 11 791168
86 16 791098
86 21 791007
86 26 17484010179267
86 31 790881
86 36 790888
86 41 17470719234636
86 46 17462745948166
86 51 790769
86 56 17473304795619
86 61 790720
86 66 17503287298987
86 71 790685
86 76 790671
86 81 790608
86 86 790608
86 91 790671
86 96 790664
91 1 17496748812342
91 6 791294
91 11 791203
91 16 17573170355528
91 21 17580404198188
91 26 791042
91 31 790979
91 36 790909
91 41 17482511116925
91 46 17455443643917
91 51 790853
91 56 790825
91 61 790762
91 66 17462615561671
91 71 17454980472768
91 76 17491768465337
91 81 17493159968655
91 86 17472298924950
91 91 790657
91 96 17524879124374
96 1 791434
96 6 17555281190461
96 11 17573629906928
96 16 791210
96 21 791168
96 26 17455044352784
96 31 791077
96 36 17517522312941
96 41 790923
96 46 17531731447386
96 51 790846
96 56 17468653626907
96 61 790839
96 66 790783
96 71 17467729494029
96 76 790734
96 81 17481548181917
96 86 17488920779207
96 91 790678
96 96 790699
1 1 17537405293926
1 6 17568033649019
1 11 17507254913943
1 16 17485894584734
1 21 790209
1 26 17455132748232
1 31 790265
1 36 17465271668210
1 41 790314
1 46 790321
1 51 17580475400781
1 56 790363
1 61 17485127989802
1 66 790419
1 71 790454
1 76 17507510727336
1 81 17498637609682
1 86 17498076772064
1 91 790503
1 96 17545624740127
6 1 17563689982864
6 6 790153
6 11 17563766314391
6 16 790195
6 21 17497633109953
6 26 17489911561195
6 31 790265
6 36 17491424527872
6 41 17585978391594
6 46 17458911021631
6 51 790363
6 56 17507575065698
6 61 17550407332464
6 66 790440
6 71 17455203376345
6 76 790454
6 81 790503
6 86 17497865315559
6 91 17569344439520
6 96 790573
11 1 17529573060054
11 6 790202
11 11 17551897581477
11 16 17481564369324
11 21 17544233250781
11 26 790265
11 31 790307
11 36 17475511894051
11 41 790349
11 46 790363
11 51 17556199515178
11 56 17558441343600
11 61 17473838593143
11 66 790461
11 71 17469876064438
11 76 790475
11 81 790524
11 86 790503
11 91 17495223411957
11 96 790552
16 1 790314
16 6 17484696825828
16 11 790202
16 16 17515277771699
16 21 17522456553949
16 26 790279
16 31 790286
16 36 17561941410339
16 41 790314
16 46 17580967655466
16 51 790405
16 56 790419
16 61 790412
16 66 17490264677067
16 71 17575412635311
16 76 790454
16 81 790531
16 86 17539411829444
16 91 790559
16 96 17551302348091
21 1 17535824846946
21 6 790328
21 11 790258
21 16 790258
21 21 17454259047908
21 26 17531004256761
21 31 17486791355406
21 36 790335
21 41 790349
21 46 17544292362801
21 51 17524310755419
21 56 17540323167905
21 61 790447
21 66 17522464785057
21 71 17465524102340
21 76 790524
21 81 790524
21 86 17467908319000
21 91 17546034281752
21 96 17581339839824
26 1 17499408119464
26 6 17550758228599
26 11 790342
26 16 17494996097066
26 21 790300
26 26 790286
26 31 790300
26 36 790335
26 41 17542223472724
26 46 17524306984027
26 51 17570056219227
26 56 790440
26 61 17589121981622
26 66 17578357367969
26 71 17454974420185
26 76 790531
26 81 17470478535406
26 86 790601
26 91 17475064144173
26 96 790601
31 1 790524
31 6 790461
31 11 17513680808581
31 16 17495080402502
31 21 17577216295459
31 26 17514485804586
31 31 790314
31 36 17578471633471
31 41 790363
31 46 17561465006718
31 51 790377
31 56 17507242865818
31 61 790426
31 66 17479096280800
31 71 17463675926759
31 76 790545
31 81 790538
31 86 17520830456593
31 91 790580
31 96 17493325272379
36 1 790594
36 6 17564311021287
36 11 790475
36 16 790447
36 21 17554565392489
36 26 790398
36 31 790363
36 36 790342
36 41 790349
36 46 17453934083177
36 51 17456891157139
36 56 790447
36 61 790461
36 66 17560300238027
36 71 17516542623470
36 76 17572045777169
36 81 17526263137574
36 86 790573
36 91 17565847309634
36 96 790657
41 1 17528520798586
41 6 17515166660902
41 11 17545196015861
41 16 17569955993284
41 21 790440
41 26 790447
41 31 790412
41 36 790377
41 41 790356
41 46 790398
41 51 790426
41 56 790454
41 61 790482
41 66 790503
41 71 17589182238453
41 76 790545
41 81 17516109050157
41 86 17535185999170
41 91 17574322314050
41 96 17494518752655
46 1 17559625942976
46 6 790664
46 11 790580
46 16 17465457284383
46 21 17516810145995
46 26 17459269100200
46 31 790447
46 36 17477944543912
46 41 790384
46 46 17524056797296
46 51 790440
46 56 17557804880538
46 61 17478822666415
46 66 790517
46 71 790517
46 76 790573
46 81 790608
46 86 17481930212162
46 91 790594
46 96 790671
51 1 790804
51 6 17483692404146
51 11 17512203487091
51 16 790608
51 21 790545
51 26 17557944654111
51 31 790496
51 36 17543607828683
51 41 790461
51 46 17494528291468
51 51 17536475221651
51 56 17475655162017
51 61 17553093615307
51 66 790510
51 71 17566158564106
51 76 790566
51 81 790594
51 86 790608
51 91 17506484759895
51 96 790671
56 1 17581727268940
56 6 790790
56 11 790755
56 16 17584122465672
56 21 17502034760542
56 26 17576134788383
56 31 790601
56 36 790552
56 41 790517
56 46 790510
56 51 17586728844449
56 56 17459380047030
56 61 17461924579012
56 66 790517
56 71 17479229331715
56 76 17454150190374
56 81 17527545018185
56 86 790650
56 91 790622
56 96 17534453577566
61 1 17489331647122
61 6 790860
61 11 790825
61 16 17564445114311
61 21 17532500897707
61 26 17554685540730
61 31 17547174862167
61 36 17526160289609
61 41 17519636564241
61 46 790517
61 51 790503
61 56 17549161879264
61 61 790482
61 66 790517
61 71 17544501896472
61 76 17511423090442
61 81 17479344439611
61 86 17524841769303
61 91 790678
61 96 17513045736819
66 1 791014
66 6 17549097885842
66 11 17587020117075
66 16 790790
66 21 17589462818261
66 26 17589269133248
66 31 790706
66 36 790622
66 41 17548991884098
66 46 17482190795053
66 51 17469601205542
66 56 17467411377895
66 61 790510
66 66 790524
66 71 17588859524881
66 76 17556412203295
66 81 790615
66 86 17465178227045
66 91 17471553328997
66 96 790699
71 1 791084
71 6 791007
71 11 790930
71 16 790867
71 21 790804
71 26 790776
71 31 17494398765511
71 36 790678
71 41 790678
71 46 790636
71 51 790587
71 56 17475065809176
71 61 17474302139665
71 66 790559
71 71 17521262210819
71 76 790594
71 81 17485568138064
71 86 790615
71 91 790664
71 96 17460280780175
76 1 17477431184228
76 6 17557665509136
76 11 17494585393859
76 16 790916
76 21 17482546574447
76 26 790860
76 31 790797
76 36 17462866949077
76 41 790734
76 46 17559744187230
76 51 790643
76 56 17454344508801
76 61 790629
76 66 17464917036901
76 71 790594
76 76 790559
76 81 17516888368429
76 86 790657
76 91 17539926280556
76 96 17541737093519
81 1 791224
81 6 791140
81 11 17519341977872
81 16 17579613468874
81 21 17546448636562
81 26 17494436394593
81 31 790874
81 36 790804
81 41 790769
81 46 17527475456490
81 51 790713
81 56 17490782922604
81 61 790692
81 66 790671
81 71 790678
81 76 17570946534729
81 81 790601
81 86 790650
81 91 790650
81 96 790713
86 1 17570596907504
86 6 791210
86 11 17567207625586
86 16 791098
86 21 17563756587217
86 26 17508676104387
86 31 17465126463571
86 36 790888
86 41 790874
86 46 17530988282886
86 51 17504860706787
86 56 17539020080611
86 61 790720
86 66 17547739623851
86 71 17491358750607
86 76 17494620035457
86 81 17521747844418
86 86 790608
86 91 790671
86 96 17480211179386
91 1 17537023646262
91 6 17532599420912
91 11 17457589263765
91 16 791126
91 21 17541024529708
91 26 17482895404788
91 31 790979
91 36 790909
91 41 17578813382269
91 46 17474687804941
91 51 790853
91 56 790825
91 61 17528529474012
91 66 790741
91 71 790734
91 76 17577943433657
91 81 790685
91 86 17555284500886
91 91 790657
91 96 790692
96 1 17550682667132
96 6 791371
96 11 791294
96 16 791210
96 21 17553147066738
96 26 791070
96 31 791077
96 36 791035
96 41 790923
96 46 790888
96 51 790846
96 56 17478766680603
96 61 17562736849961
96 66 790783
96 71 17475572257293
96 76 17570575417280
96 81 17575927642013
96 86 790741
96 91 790678
96 96 17481993940381
1 1 17508864749414
1 6 17492849816443
1 11 17560446921111
1 16 790188
1 21 17509685860787
1 26 17581755159496
1 31 17547698111467
1 36 17527984852978
1 41 17458620135964
1 46 790321
1 51 790363
1 56 17506085279821
1 61 17554571371562
1 66 790419
1 71 790454
1 76 790454
1 81 17576462678738
1 86 790510
1 91 790503
1 96 790573
6 1 17473931318160
6 6 790153
6 11 790181
6 16 17533839335333
6 21 17504264101825
6 26 790265
6 31 17524579042283
6 36 790286
6 41 790328
6 46 17507824219199
6 51 17519062466125
6 56 790384
6 61 17589083754096
6 66 17523016975002
6 71 17565737220825
6 76 17501296970408
6 81 17509935782617
6 86 790517
6 91 17460070532832
6 96 17492888911647
11 1 17460580723670
11 6 790202
11 11 17469253188005
11 16 790202
11 21 790251
11 26 17518123232235
11 31 790307
11 36 17558312686627
11 41 17487224238143
11 46 17469046763085
11 51 17501363628586
11 56 17502417612912
11 61 790405
11 66 17471810658479
11 71 17498897373878
11 76 790475
11 81 17577766174958
11 86 790503
11 91 17469158611189
11 96 790552
16 1 17510615176220
16 6 790258
16 11 790202
16 16 790209
16 21 790251
16 26 790279
16 31 790286
16 36 17504937291811
16 41 17525391176732
16 46 17508351597098
16 51 17483529704055
16 56 17456281050757
16 61 790412
16 66 17473364821707
16 71 17488104850095
16 76 790454
16 81 790531
16 86 790482
16 91 17513114320657
16 96 17493764185403
21 1 17531704697954
21 6 790328
21 11 17482803714020
21 16 790258
21 21 17490502679524
21 26 790279
21 31 17574730165262
21 36 17457115523121
21 41 17484422216255
21 46 17538124685361
21 51 17514792637531
21 56 790447
21 61 17576753695905
21 66 17531376349857
21 71 17509545697476
21 76 790524
21 81 17555363224302
21 86 17508838810904
21 91 17565972708632
21 96 17585922523472
26 1 790454
26 6 790405
26 11 790342
26 16 17528206131754
26 21 790300
26 26 790286
26 31 790300
26 36 17493620494897
26 41 17577145344596
26 46 17514749212763
26 51 17543080024155
26 56 17488388870298
26 61 790468
26 66 17522036019361
26 71 17456025082585
26 76 790531
26 81 17475573209326
26 86 17553198719291
26 91 790587
26 96 790601
31 1 790524
31 6 17560667354287
31 11 17492731939461
31 16 17473883439174
31 21 17469736881187
31 26 790328
31 31 17493051831324
31 36 17567362036287
31 41 17571094297165
31 46 790412
31 51 790377
31 56 790440
31 61 790426
31 66 790510
31 71 17570285647079
31 76 17564107482371
31 81 790538
31 86 790559
31 91 17549091820838
31 96 17570074044219
36 1 790594
36 6 17503171670759
36 11 790475
36 16 790447
36 21 17529678283369
36 26 790398
36 31 790363
36 36 790342
36 41 17586981878335
36 46 17521438869097
36 51 17535519647891
36 56 17497936296097
36 61 17570357087919
36 66 790489
36 71 17535576644846
36 76 790559
36 81 17495380031782
36 86 790573
36 91 17462939728194
36 96 790657
41 1 790664
41 6 790580
41 11 790531
41 16 790482
41 21 17547826457242
41 26 790447
41 31 790412
41 36 790377
41 41 790356
41 46 17479604572272
41 51 790426
41 56 17466273428136
41 61 17519859284676
41 66 17473405183193
41 71 790531
41 76 17514876904707
41 81 17566135200045
41 86 17529631163714
41 91 17564429484866
41 96 790685
46 1 17582297481152
46 6 17541712768890
46 11 790580
46 16 790573
46 21 17504623026891
46 26 17493207304360
46 31 17584565945505
46 36 790454
46 41 17477246398562
46 46 790398
46 51 790440
46 56 790440
46 61 790461
46 66 17579498686695
46 71 17578711861479
46 76 17464146770207
46 81 790608
46 86 790608
46 91 17475899543860
46 96 790671
51 1 17550855893510
51 6 17547039791026
51 11 790657
51 16 790608
51 21 790545
51 26 790573
51 31 17530347911890
51 36 17513212841163
51 41 790461
51 46 790426
51 51 17539755015827
51 56 790447
51 61 17568591802571
51 66 17511050754272
51 71 790552
51 76 790566
51 81 790594
51 86 17585614265154
51 91 17524115141463
51 96 790671
56 1 17526614868044
56 6 790790
56 11 790755
56 16 790678
56 21 790636
56 26 790573
56 31 17468056625467
56 36 790552
56 41 17478147922663
56 46 17454690382048
56 51 17457007410849
56 56 17507025535158
56 61 790482
56 66 790517
56 71 17580427504899
56 76 17487827992870
56 81 17585935987529
56 86 17546223660908
56 91 17475857666384
56 96 17535162024286
61 1 17492239897234
61 6 790860
61 11 790825
61 16 17456301713863
61 21 790713
61 26 790664
61 31 790629
61 36 17543769512265
61 41 17577584724753
61 46 17561354897639
61 51 790503
61 56 17453741074656
61 61 17478133569220
61 66 790517
61 71 790566
61 76 790552
61 81 790601
61 86 17510933289815
61 91 790678
61 96 790657
66 1 791014
66 6 790944
66 11 17580337609811
66 16 790790
66 21 790755
66 26 17538136979904
66 31 790706
66 36 790622
66 41 790608
66 46 790587
66 51 790580
66 56 790517
66 61 790510
66 66 17558694470894
66 71 790559
66 76 790573
66 81 790615
66 86 790643
66 91 17559880762213
66 96 17493108887453
71 1 17503854697246
71 6 791007
71 11 17455296409220
71 16 17549161182277
71 21 17579608748550
71 26 790776
71 31 790741
71 36 17541373055880
71 41 17459823677320
71 46 17464261339486
71 51 17555420945709
71 56 790566
71 61 790559
71 66 17501603567377
71 71 790545
71 76 17478594590516
71 81 790622
71 86 790615
71 91 17518590174074
71 96 17546617747343
76 1 791154
76 6 17507801696528
76 11 17557616402627
76 16 790916
76 21 790909
76 26 17532497579070
76 31 17575759291903
76 36 790755
76 41 17481024686528
76 46 17586406345054
76 51 17497193067877
76 56 790671
76 61 790629
76 66 17569439842149
76 71 17549572537140
76 76 790559
76 81 790587
76 86 790657
76 91 790650
76 96 17490045580175
81 1 17518752612778
81 6 791140
81 11 791070
81 16 17548371972298
81 21 790944
81 26 17521029412961
81 31 17574457508940
81 36 790804
81 41 790769
81 46 790776
81 51 790713
81 56 17535961227628
81 61 17535091171222
81 66 17501339198849
81 71 790678
81 76 790615
81 81 790601
81 86 17530164479340
81 91 17470268403052
81 96 790713
86 1 791294
86 6 791210
86 11 17550645158770
86 16 791098
86 21 791007
86 26 17558312970435
86 31 17456825343059
86 36 17508819099226
86 41 790874
86 46 17581565173254
86 51 790769
86 56 17513176573923
86 61 790720
86 66 17563086049707
86 71 790685
86 76 17489653997953
86 81 17586639338818
86 86 17486696760642
86 91 790671
86 96 790664
91 1 17453985591350
91 6 791294
91 11 17537630920085
91 16 17495101546312
91 21 791098
91 26 791042
91 31 790979
91 36 790909
91 41 17489144031869
91 46 17494977332237
91 51 17528706515511
91 56 790825
91 61 17460591244252
91 66 790741
91 71 790734
91 76 790727
91 81 17573139047823
91 86 17479333449622
91 91 790657
91 96 790692
96 1 17589185977468
96 6 791371
96 11 17588290503152
96 16 791210
96 21 791168
96 26 791070
96 31 791077
96 36 17501266955501
96 41 17471653952125
96 46 790888
96 51 17510498288176
96 56 790825
96 61 790839
96 66 17536063422961
96 71 790811
96 76 790734
96 81 17550654547357
96 86 17506854525383
96 91 17573431826312
96 96 17484222294429
