1 1 0.000394
1 6 0.000335
1 11 0.000259
1 16 0.000277
1 21 0.000323
1 26 0.000261
1 31 0.000288
1 36 0.000292
1 41 0.00031
1 46 0.000309
1 51 0.000306
1 56 0.000275
1 61 0.000245
1 66 0.000296
1 71 0.000322
1 76 0.000378
1 81 0.000278
1 86 0.000297
1 91 0.000312
1 96 0.000256
6 1 0.000264
6 6 0.00024
6 11 0.00028
6 16 0.000331
6 21 0.000275
6 26 0.000276
6 31 0.000343
6 36 0.000296
6 41 0.00029
6 46 0.000314
6 51 0.000279
6 56 0.000277
6 61 0.000339
6 66 0.000334
6 71 0.000327
6 76 0.00031
6 81 0.000359
6 86 0.000279
6 91 0.00031
6 96 0.000337
11 1 0.000251
11 6 0.000248
11 11 0.000247
11 16 0.000267
11 21 0.000303
11 26 0.000282
11 31 0.000302
11 36 0.00031
11 41 0.000293
11 46 0.000265
11 51 0.000297
11 56 0.000307
11 61 0.000338
11 66 0.000284
11 71 0.000262
11 76 0.000248
11 81 0.000381
11 86 0.000361
11 91 0.000357
11 96 0.000314
16 1 0.000288
16 6 0.000289
16 11 0.000285
16 16 0.000287
16 21 0.000284
16 26 0.000317
16 31 0.000303
16 36 0.000327
16 41 0.000279
16 46 0.000267
16 51 0.0003
16 56 0.000344
16 61 0.000281
16 66 0.000269
16 71 0.000299
16 76 0.000296
16 81 0.000324
16 86 0.000286
16 91 0.000308
16 96 0.000272
21 1 0.000309
21 6 0.000326
21 11 0.000289
21 16 0.000308
21 21 0.000269
21 26 0.000291
21 31 0.000251
21 36 0.000289
21 41 0.000309
21 46 0.000294
21 51 0.000277
21 56 0.000272
21 61 0.000299
21 66 0.000259
21 71 0.000282
21 76 0.000262
21 81 0.000268
21 86 0.000344
21 91 0.000249
21 96 0.00026
26 1 0.000368
26 6 0.00027
26 11 0.000327
26 16 0.000268
26 21 0.000254
26 26 0.000298
26 31 0.000283
26 36 0.000308
26 41 0.0003
26 46 0.000298
26 51 0.000267
26 56 0.00028
26 61 0.00034
26 66 0.000282
26 71 0.000353
26 76 0.000272
26 81 0.000317
26 86 0.000287
26 91 0.000322
26 96 0.000324
31 1 0.000272
31 6 0.000253
31 11 0.000294
31 16 0.000283
31 21 0.000292
31 26 0.00026
31 31 0.000374
31 36 0.000305
31 41 0.000278
31 46 0.000229
31 51 0.000294
31 56 0.000325
31 61 0.000324
31 66 0.000294
31 71 0.000292
31 76 0.000278
31 81 0.00025
31 86 0.000317
31 91 0.000277
31 96 0.000264
36 1 0.000306
36 6 0.000333
36 11 0.000266
36 16 0.000258
36 21 0.000246
36 26 0.000278
36 31 0.000256
36 36 0.000287
36 41 0.000306
36 46 0.000264
36 51 0.000265
36 56 0.000284
36 61 0.000303
36 66 0.000262
36 71 0.00031
36 76 0.000258
36 81 0.000279
36 86 0.000321
36 91 0.000319
36 96 0.000308
41 1 0.000269
41 6 0.000254
41 11 0.000328
41 16 0.000327
41 21 0.000293
41 26 0.000265
41 31 0.000243
41 36 0.000289
41 41 0.000304
41 46 0.000285
41 51 0.000266
41 56 0.000256
41 61 0.000254
41 66 0.000264
41 71 0.00026
41 76 0.000251
41 81 0.000276
41 86 0.000301
41 91 0.000269
41 96 0.000315
46 1 0.000313
46 6 0.000354
46 11 0.000302
46 16 0.000266
46 21 0.0003
46 26 0.000301
46 31 0.000308
46 36 0.000286
46 41 0.00028
46 46 0.000285
46 51 0.000269
46 56 0.000335
46 61 0.000301
46 66 0.000277
46 71 0.000307
46 76 0.000312
46 81 0.00028
46 86 0.000297
46 91 0.000328
46 96 0.000302
51 1 0.000309
51 6 0.000296
51 11 0.000283
51 16 0.000265
51 21 0.000256
51 26 0.000285
51 31 0.000332
51 36 0.000327
51 41 0.000318
51 46 0.000328
51 51 0.000273
51 56 0.000335
51 61 0.000283
51 66 0.00028
51 71 0.000269
51 76 0.000335
51 81 0.000288
51 86 0.000273
51 91 0.000353
51 96 0.000382
56 1 0.000314
56 6 0.000316
56 11 0.000298
56 16 0.000314
56 21 0.00035
56 26 0.000301
56 31 0.000283
56 36 0.000348
56 41 0.000268
56 46 0.000265
56 51 0.000263
56 56 0.000303
56 61 0.000281
56 66 0.000299
56 71 0.00031
56 76 0.000342
56 81 0.000265
56 86 0.000268
56 91 0.000356
56 96 0.00029
61 1 0.000306
61 6 0.000355
61 11 0.00028
61 16 0.000288
61 21 0.000308
61 26 0.000257
61 31 0.000282
61 36 0.000343
61 41 0.000265
61 46 0.000277
61 51 0.000347
61 56 0.000278
61 61 0.000282
61 66 0.000308
61 71 0.000306
61 76 0.000279
61 81 0.000271
61 86 0.000283
61 91 0.000306
61 96 0.000282
66 1 0.000283
66 6 0.00029
66 11 0.00029
66 16 0.000284
66 21 0.000339
66 26 0.000289
66 31 0.000307
66 36 0.000436
66 41 0.000298
66 46 0.000304
66 51 0.000313
66 56 0.000317
66 61 0.000332
66 66 0.000303
66 71 0.00031
66 76 0.000277
66 81 0.000267
66 86 0.000267
66 91 0.000254
66 96 0.000312
71 1 0.000309
71 6 0.000274
71 11 0.000304
71 16 0.000332
71 21 0.000324
71 26 0.000308
71 31 0.000306
71 36 0.000361
71 41 0.000283
71 46 0.000303
71 51 0.000308
71 56 0.000283
71 61 0.000336
71 66 0.000282
71 71 0.000277
71 76 0.000335
71 81 0.000284
71 86 0.000283
71 91 0.0003
71 96 0.000264
76 1 0.000315
76 6 0.000231
76 11 0.000261
76 16 0.000256
76 21 0.000268
76 26 0.000312
76 31 0.000317
76 36 0.000257
76 41 0.00026
76 46 0.00027
76 51 0.000323
76 56 0.00029
76 61 0.000268
76 66 0.000367
76 71 0.000311
76 76 0.000268
76 81 0.000274
76 86 0.000261
76 91 0.000336
76 96 0.000313
81 1 0.000276
81 6 0.000247
81 11 0.000301
81 16 0.000302
81 21 0.000361
81 26 0.000301
81 31 0.000339
81 36 0.000311
81 41 0.000291
81 46 0.000294
81 51 0.00034
81 56 0.000317
81 61 0.000325
81 66 0.000272
81 71 0.000325
81 76 0.000329
81 81 0.000259
81 86 0.000301
81 91 0.000304
81 96 0.000284
86 1 0.000299
86 6 0.000289
86 11 0.000247
86 16 0.000248
86 21 0.000246
86 26 0.000286
86 31 0.000316
86 36 0.000291
86 41 0.0003
86 46 0.000276
86 51 0.000404
86 56 0.000404
86 61 0.000294
86 66 0.000342
86 71 0.000333
86 76 0.00026
86 81 0.000315
86 86 0.000322
86 91 0.000323
86 96 0.000307
91 1 0.000306
91 6 0.000299
91 11 0.000312
91 16 0.000292
91 21 0.000275
91 26 0.000274
91 31 0.000278
91 36 0.000363
91 41 0.000327
91 46 0.000375
91 51 0.000265
91 56 0.000271
91 61 0.000286
91 66 0.000326
91 71 0.000333
91 76 0.000291
91 81 0.000302
91 86 0.000308
91 91 0.000413
91 96 0.000294
96 1 0.000373
96 6 0.000271
96 11 0.000298
96 16 0.000294
96 21 0.000296
96 26 0.000346
96 31 0.000354
96 36 0.000372
96 41 0.000293
96 46 0.000474
96 51 0.000263
96 56 0.000277
96 61 0.000361
96 66 0.000299
96 71 0.000291
96 76 0.000277
96 81 0.000277
96 86 0.000306
96 91 0.000297
96 96 0.000263
1 1 0.000342
1 6 0.000312
1 11 0.000321
1 16 0.000287
1 21 0.000389
1 26 0.000263
1 31 0.000291
1 36 0.000289
1 41 0.000354
1 46 0.000276
1 51 0.000313
1 56 0.000308
1 61 0.00027
1 66 0.000302
1 71 0.000285
1 76 0.000281
1 81 0.000264
1 86 0.000247
1 91 0.000239
1 96 0.00026
6 1 0.000308
6 6 0.000276
6 11 0.00029
6 16 0.000261
6 21 0.000297
6 26 0.000427
6 31 0.000347
6 36 0.000289
6 41 0.000355
6 46 0.000304
6 51 0.000267
6 56 0.000302
6 61 0.000313
6 66 0.000269
6 71 0.000269
6 76 0.000302
6 81 0.000311
6 86 0.000263
6 91 0.000287
6 96 0.000314
11 1 0.000312
11 6 0.000324
11 11 0.000307
11 16 0.000273
11 21 0.000293
11 26 0.000297
11 31 0.000356
11 36 0.000317
11 41 0.000304
11 46 0.000304
11 51 0.000246
11 56 0.000382
11 61 0.000304
11 66 0.00025
11 71 0.000302
11 76 0.000313
11 81 0.000286
11 86 0.0003
11 91 0.000286
11 96 0.000277
16 1 0.000278
16 6 0.000322
16 11 0.000353
16 16 0.000282
16 21 0.000241
16 26 0.000287
16 31 0.000324
16 36 0.000273
16 41 0.000264
16 46 0.000295
16 51 0.0003
16 56 0.000243
16 61 0.000287
16 66 0.000275
16 71 0.000301
16 76 0.000263
16 81 0.000291
16 86 0.00024
16 91 0.000362
16 96 0.000259
21 1 0.00029
21 6 0.000291
21 11 0.000341
21 16 0.000397
21 21 0.000267
21 26 0.000279
21 31 0.000328
21 36 0.000317
21 41 0.000295
21 46 0.000272
21 51 0.000302
21 56 0.000408
21 61 0.000305
21 66 0.00029
21 71 0.000307
21 76 0.000309
21 81 0.000267
21 86 0.000308
21 91 0.000285
21 96 0.000302
26 1 0.000312
26 6 0.000273
26 11 0.000321
26 16 0.000254
26 21 0.000266
26 26 0.000257
26 31 0.000281
26 36 0.000277
26 41 0.000257
26 46 0.000298
26 51 0.000306
26 56 0.00029
26 61 0.000276
26 66 0.000302
26 71 0.000423
26 76 0.000314
26 81 0.000305
26 86 0.000285
26 91 0.000281
26 96 0.000256
31 1 0.000259
31 6 0.000308
31 11 0.000346
31 16 0.000279
31 21 0.000312
31 26 0.000284
31 31 0.000275
31 36 0.000352
31 41 0.000421
31 46 0.000408
31 51 0.000374
31 56 0.000295
31 61 0.000341
31 66 0.000445
31 71 0.000315
31 76 0.000266
31 81 0.000311
31 86 0.00034
31 91 0.000276
31 96 0.000287
36 1 0.000337
36 6 0.000299
36 11 0.000271
36 16 0.000285
36 21 0.000285
36 26 0.000269
36 31 0.000313
36 36 0.000282
36 41 0.000281
36 46 0.00029
36 51 0.00029
36 56 0.000291
36 61 0.000278
36 66 0.000276
36 71 0.000275
36 76 0.000261
36 81 0.000281
36 86 0.000263
36 91 0.000292
36 96 0.000274
41 1 0.000307
41 6 0.000304
41 11 0.00028
41 16 0.000272
41 21 0.000324
41 26 0.000297
41 31 0.000301
41 36 0.000263
41 41 0.000292
41 46 0.000311
41 51 0.000321
41 56 0.000311
41 61 0.000295
41 66 0.00027
41 71 0.000273
41 76 0.000293
41 81 0.000299
41 86 0.000309
41 91 0.000265
41 96 0.000255
46 1 0.000255
46 6 0.000275
46 11 0.000254
46 16 0.000342
46 21 0.00025
46 26 0.000251
46 31 0.000307
46 36 0.000255
46 41 0.000369
46 46 0.000276
46 51 0.00033
46 56 0.000281
46 61 0.000285
46 66 0.000265
46 71 0.000332
46 76 0.000262
46 81 0.000302
46 86 0.000317
46 91 0.000324
46 96 0.000283
51 1 0.000337
51 6 0.000326
51 11 0.000249
51 16 0.000237
51 21 0.000338
51 26 0.000271
51 31 0.000327
51 36 0.000306
51 41 0.000312
51 46 0.000279
51 51 0.000268
51 56 0.000309
51 61 0.000268
51 66 0.000306
51 71 0.000283
51 76 0.00029
51 81 0.000288
51 86 0.000328
51 91 0.00026
51 96 0.000285
56 1 0.000346
56 6 0.0003
56 11 0.00031
56 16 0.000345
56 21 0.000271
56 26 0.000302
56 31 0.000278
56 36 0.000263
56 41 0.000258
56 46 0.000288
56 51 0.000262
56 56 0.000262
56 61 0.000333
56 66 0.000304
56 71 0.000301
56 76 0.000292
56 81 0.000309
56 86 0.000302
56 91 0.000255
56 96 0.000324
61 1 0.000273
61 6 0.000298
61 11 0.000301
61 16 0.000254
61 21 0.00025
61 26 0.000405
61 31 0.000302
61 36 0.000308
61 41 0.00028
61 46 0.000378
61 51 0.000346
61 56 0.000301
61 61 0.000306
61 66 0.000316
61 71 0.00026
61 76 0.000289
61 81 0.000307
61 86 0.000271
61 91 0.000369
61 96 0.000295
66 1 0.000273
66 6 0.000322
66 11 0.00026
66 16 0.000293
66 21 0.000309
66 26 0.000301
66 31 0.000288
66 36 0.000293
66 41 0.000257
66 46 0.000279
66 51 0.000272
66 56 0.000293
66 61 0.000299
66 66 0.00031
66 71 0.00029
66 76 0.00029
66 81 0.000276
66 86 0.000282
66 91 0.000243
66 96 0.000307
71 1 0.000346
71 6 0.000304
71 11 0.000246
71 16 0.000313
71 21 0.000278
71 26 0.000307
71 31 0.00035
71 36 0.000264
71 41 0.000273
71 46 0.000278
71 51 0.000362
71 56 0.000265
71 61 0.00028
71 66 0.000284
71 71 0.000346
71 76 0.000379
71 81 0.000293
71 86 0.000308
71 91 0.00034
71 96 0.000284
76 1 0.000302
76 6 0.000293
76 11 0.000294
76 16 0.000302
76 21 0.000297
76 26 0.0003
76 31 0.000293
76 36 0.000291
76 41 0.000277
76 46 0.000304
76 51 0.000294
76 56 0.000252
76 61 0.000276
76 66 0.000234
76 71 0.000301
76 76 0.000303
76 81 0.000288
76 86 0.000278
76 91 0.00028
76 96 0.000305
81 1 0.000257
81 6 0.000286
81 11 0.000295
81 16 0.000296
81 21 0.000296
81 26 0.000292
81 31 0.000244
81 36 0.000238
81 41 0.000264
81 46 0.000312
81 51 0.000271
81 56 0.000413
81 61 0.000316
81 66 0.000247
81 71 0.000306
81 76 0.000355
81 81 0.000317
81 86 0.000378
81 91 0.00031
81 96 0.000323
86 1 0.000376
86 6 0.000291
86 11 0.000278
86 16 0.000253
86 21 0.000278
86 26 0.00026
86 31 0.000325
86 36 0.000277
86 41 0.000307
86 46 0.00027
86 51 0.000322
86 56 0.000327
86 61 0.00036
86 66 0.000343
86 71 0.000387
86 76 0.000296
86 81 0.000281
86 86 0.000255
86 91 0.000265
86 96 0.000262
91 1 0.000297
91 6 0.000262
91 11 0.000262
91 16 0.000286
91 21 0.0003
91 26 0.000278
91 31 0.000282
91 36 0.000266
91 41 0.000337
91 46 0.000264
91 51 0.000345
91 56 0.000344
91 61 0.000282
91 66 0.000276
91 71 0.000282
91 76 0.000231
91 81 0.000288
91 86 0.000236
91 91 0.000253
91 96 0.000259
96 1 0.000245
96 6 0.000217
96 11 0.000267
96 16 0.000233
96 21 0.000352
96 26 0.000291
96 31 0.000298
96 36 0.000291
96 41 0.000286
96 46 0.000276
96 51 0.000276
96 56 0.00027
96 61 0.000249
96 66 0.000232
96 71 0.000289
96 76 0.000306
96 81 0.000367
96 86 0.000303
96 91 0.000246
96 96 0.000259
1 1 0.000284
1 6 0.000304
1 11 0.000238
1 16 0.000275
1 21 0.000272
1 26 0.00026
1 31 0.000268
1 36 0.00027
1 41 0.000237
1 46 0.000325
1 51 0.000247
1 56 0.000356
1 61 0.000299
1 66 0.00033
1 71 0.000362
1 76 0.000305
1 81 0.000258
1 86 0.000329
1 91 0.000399
1 96 0.000389
6 1 0.000372
6 6 0.000307
6 11 0.000295
6 16 0.000303
6 21 0.000476
6 26 0.00036
6 31 0.000314
6 36 0.000262
6 41 0.000417
6 46 0.000382
6 51 0.000295
6 56 0.000267
6 61 0.000316
6 66 0.000284
6 71 0.000252
6 76 0.000267
6 81 0.000308
6 86 0.000281
6 91 0.000369
6 96 0.000254
11 1 0.000281
11 6 0.000304
11 11 0.00037
11 16 0.000308
11 21 0.000304
11 26 0.000282
11 31 0.000262
11 36 0.000281
11 41 0.000332
11 46 0.000279
11 51 0.000354
11 56 0.000255
11 61 0.000265
11 66 0.000305
11 71 0.000335
11 76 0.000348
11 81 0.000252
11 86 0.000283
11 91 0.000271
11 96 0.000316
16 1 0.000269
16 6 0.000363
16 11 0.000296
16 16 0.000297
16 21 0.000237
16 26 0.00025
16 31 0.000231
16 36 0.000294
16 41 0.000269
16 46 0.000343
16 51 0.000328
16 56 0.000274
16 61 0.000271
16 66 0.000298
16 71 0.000257
16 76 0.000281
16 81 0.000277
16 86 0.000252
16 91 0.000293
16 96 0.000243
21 1 0.00026
21 6 0.000242
21 11 0.000284
21 16 0.000293
21 21 0.000292
21 26 0.000276
21 31 0.00026
21 36 0.000297
21 41 0.000292
21 46 0.000248
21 51 0.000264
21 56 0.000264
21 61 0.000317
21 66 0.000302
21 71 0.000279
21 76 0.000279
21 81 0.000276
21 86 0.000335
21 91 0.000254
21 96 0.000253
26 1 0.000358
26 6 0.000254
26 11 0.000308
26 16 0.000285
26 21 0.000231
26 26 0.000233
26 31 0.000258
26 36 0.00027
26 41 0.000287
26 46 0.000259
26 51 0.00029
26 56 0.00032
26 61 0.000271
26 66 0.000413
26 71 0.0003
26 76 0.000295
26 81 0.000281
26 86 0.00027
26 91 0.000316
26 96 0.000293
31 1 0.000279
31 6 0.000295
31 11 0.000229
31 16 0.000237
31 21 0.000268
31 26 0.000234
31 31 0.000291
31 36 0.000238
31 41 0.000244
31 46 0.000254
31 51 0.000263
31 56 0.000371
31 61 0.000286
31 66 0.000313
31 71 0.000295
31 76 0.000311
31 81 0.000333
31 86 0.000262
31 91 0.000252
31 96 0.000268
36 1 0.000355
36 6 0.000268
36 11 0.000281
36 16 0.000265
36 21 0.000264
36 26 0.000275
36 31 0.000297
36 36 0.000283
36 41 0.000313
36 46 0.000271
36 51 0.000352
36 56 0.000258
36 61 0.000349
36 66 0.000309
36 71 0.000295
36 76 0.00041
36 81 0.000267
36 86 0.000255
36 91 0.000267
36 96 0.000271
41 1 0.000361
41 6 0.000327
41 11 0.000328
41 16 0.000308
41 21 0.000346
41 26 0.00033
41 31 0.000348
41 36 0.00027
41 41 0.000351
41 46 0.000316
41 51 0.000329
41 56 0.000324
41 61 0.00029
41 66 0.000296
41 71 0.000354
41 76 0.000333
41 81 0.000372
41 86 0.000307
41 91 0.000317
41 96 0.000252
46 1 0.000294
46 6 0.000282
46 11 0.000299
46 16 0.000311
46 21 0.000254
46 26 0.000258
46 31 0.000239
46 36 0.000294
46 41 0.000338
46 46 0.000269
46 51 0.000388
46 56 0.000282
46 61 0.000303
46 66 0.000331
46 71 0.000375
46 76 0.000292
46 81 0.000267
46 86 0.000349
46 91 0.000261
46 96 0.000275
51 1 0.000275
51 6 0.000324
51 11 0.000341
51 16 0.000269
51 21 0.000279
51 26 0.000272
51 31 0.000316
51 36 0.000293
51 41 0.000321
51 46 0.000293
51 51 0.000279
51 56 0.000362
51 61 0.00028
51 66 0.00029
51 71 0.00052
51 76 0.000319
51 81 0.000344
51 86 0.000262
51 91 0.000341
51 96 0.000272
56 1 0.00026
56 6 0.000301
56 11 0.000339
56 16 0.000264
56 21 0.000259
56 26 0.00028
56 31 0.000285
56 36 0.000274
56 41 0.000282
56 46 0.000305
56 51 0.000271
56 56 0.000272
56 61 0.000288
56 66 0.000295
56 71 0.000298
56 76 0.00039
56 81 0.000327
56 86 0.000265
56 91 0.000236
56 96 0.000315
61 1 0.000317
61 6 0.000308
61 11 0.000278
61 16 0.00031
61 21 0.000291
61 26 0.000282
61 31 0.000273
61 36 0.000276
61 41 0.00033
61 46 0.000313
61 51 0.000263
61 56 0.000354
61 61 0.000268
61 66 0.000282
61 71 0.000371
61 76 0.000374
61 81 0.000352
61 86 0.000246
61 91 0.000263
61 96 0.000257
66 1 0.000269
66 6 0.000267
66 11 0.00028
66 16 0.000244
66 21 0.000358
66 26 0.000266
66 31 0.000245
66 36 0.000306
66 41 0.000337
66 46 0.000297
66 51 0.000273
66 56 0.000286
66 61 0.000315
66 66 0.000305
66 71 0.000299
66 76 0.000328
66 81 0.000312
66 86 0.000363
66 91 0.000284
66 96 0.000292
71 1 0.000268
71 6 0.000279
71 11 0.000277
71 16 0.00029
71 21 0.000272
71 26 0.000329
71 31 0.000282
71 36 0.000296
71 41 0.000273
71 46 0.000359
71 51 0.000307
71 56 0.000271
71 61 0.000284
71 66 0.000305
71 71 0.000283
71 76 0.000287
71 81 0.000285
71 86 0.000292
71 91 0.000266
71 96 0.000311
76 1 0.000284
76 6 0.000267
76 11 0.000307
76 16 0.000266
76 21 0.000268
76 26 0.000359
76 31 0.000262
76 36 0.000338
76 41 0.000275
76 46 0.000356
76 51 0.000292
76 56 0.000303
76 61 0.00026
76 66 0.000349
76 71 0.000393
76 76 0.000308
76 81 0.000274
76 86 0.000288
76 91 0.000295
76 96 0.000309
81 1 0.000248
81 6 0.000267
81 11 0.000347
81 16 0.000334
81 21 0.000308
81 26 0.000266
81 31 0.000261
81 36 0.000278
81 41 0.000341
81 46 0.000253
81 51 0.000316
81 56 0.000271
81 61 0.000267
81 66 0.000312
81 71 0.00042
81 76 0.000297
81 81 0.00039
81 86 0.000257
81 91 0.000253
81 96 0.000259
86 1 0.000331
86 6 0.00027
86 11 0.000289
86 16 0.000264
86 21 0.000304
86 26 0.000343
86 31 0.000273
86 36 0.000273
86 41 0.000244
86 46 0.000244
86 51 0.000257
86 56 0.000254
86 61 0.000272
86 66 0.000305
86 71 0.000343
86 76 0.000272
86 81 0.000356
86 86 0.000262
86 91 0.000306
86 96 0.000302
91 1 0.000325
91 6 0.000254
91 11 0.000255
91 16 0.000253
91 21 0.000271
91 26 0.000265
91 31 0.00034
91 36 0.000262
91 41 0.000262
91 46 0.000254
91 51 0.000366
91 56 0.000344
91 61 0.000286
91 66 0.000302
91 71 0.000292
91 76 0.000331
91 81 0.000396
91 86 0.000372
91 91 0.000248
91 96 0.000266
96 1 0.000355
96 6 0.000327
96 11 0.000256
96 16 0.000324
96 21 0.000394
96 26 0.000347
96 31 0.000289
96 36 0.000287
96 41 0.000314
96 46 0.00031
96 51 0.000297
96 56 0.000383
96 61 0.000255
96 66 0.000278
96 71 0.000268
96 76 0.000258
96 81 0.00026
96 86 0.00036
96 91 0.000249
96 96 0.00026
1 1 0.00028
1 6 0.000276
1 11 0.000363
1 16 0.000335
1 21 0.000253
1 26 0.000303
1 31 0.000232
1 36 0.000232
1 41 0.000309
1 46 0.000295
1 51 0.000306
1 56 0.000284
1 61 0.000263
1 66 0.000305
1 71 0.000257
1 76 0.000273
1 81 0.000317
1 86 0.000314
1 91 0.000409
1 96 0.000313
6 1 0.000324
6 6 0.000245
6 11 0.000294
6 16 0.000322
6 21 0.000233
6 26 0.000241
6 31 0.000296
6 36 0.000272
6 41 0.000295
6 46 0.000284
6 51 0.000292
6 56 0.000274
6 61 0.000331
6 66 0.000264
6 71 0.000359
6 76 0.000332
6 81 0.000285
6 86 0.000283
6 91 0.000333
6 96 0.000303
11 1 0.000328
11 6 0.000271
11 11 0.000321
11 16 0.00032
11 21 0.000351
11 26 0.000309
11 31 0.000366
11 36 0.000384
11 41 0.000331
11 46 0.000346
11 51 0.00025
11 56 0.000329
11 61 0.000257
11 66 0.000318
11 71 0.00037
11 76 0.000273
11 81 0.00028
11 86 0.000266
11 91 0.000269
11 96 0.000305
16 1 0.000264
16 6 0.00023
16 11 0.000252
16 16 0.000284
16 21 0.000248
16 26 0.000249
16 31 0.000241
16 36 0.000308
16 41 0.000238
16 46 0.000255
16 51 0.00031
16 56 0.000262
16 61 0.000247
16 66 0.000272
16 71 0.000252
16 76 0.00027
16 81 0.000315
16 86 0.00027
16 91 0.000329
16 96 0.000282
21 1 0.000246
21 6 0.000268
21 11 0.000229
21 16 0.000276
21 21 0.000275
21 26 0.000266
21 31 0.000314
21 36 0.000306
21 41 0.000262
21 46 0.000281
21 51 0.000318
21 56 0.000324
21 61 0.000298
21 66 0.000356
21 71 0.00028
21 76 0.000312
21 81 0.000407
21 86 0.000294
21 91 0.000382
21 96 0.000261
26 1 0.000343
26 6 0.0003
26 11 0.000364
26 16 0.00028
26 21 0.000314
26 26 0.000322
26 31 0.00028
26 36 0.000312
26 41 0.000293
26 46 0.000302
26 51 0.000334
26 56 0.000298
26 61 0.000389
26 66 0.000379
26 71 0.000263
26 76 0.00036
26 81 0.000297
26 86 0.000305
26 91 0.000421
26 96 0.000266
31 1 0.000299
31 6 0.000258
31 11 0.000266
31 16 0.000269
31 21 0.000297
31 26 0.000285
31 31 0.00025
31 36 0.000244
31 41 0.00028
31 46 0.000293
31 51 0.000293
31 56 0.000283
31 61 0.000368
31 66 0.000335
31 71 0.000277
31 76 0.000298
31 81 0.000312
31 86 0.000295
31 91 0.000269
31 96 0.00027
36 1 0.000375
36 6 0.000354
36 11 0.00039
36 16 0.000267
36 21 0.00027
36 26 0.000266
36 31 0.000349
36 36 0.000297
36 41 0.000267
36 46 0.00028
36 51 0.000297
36 56 0.000329
36 61 0.000299
36 66 0.000313
36 71 0.000313
36 76 0.000266
36 81 0.000296
36 86 0.000277
36 91 0.000381
36 96 0.000255
41 1 0.000341
41 6 0.000273
41 11 0.00026
41 16 0.000324
41 21 0.000308
41 26 0.000313
41 31 0.000327
41 36 0.000436
41 41 0.000285
41 46 0.000261
41 51 0.0003
41 56 0.000262
41 61 0.000295
41 66 0.000276
41 71 0.000294
41 76 0.000295
41 81 0.000291
41 86 0.000394
41 91 0.000304
41 96 0.000271
46 1 0.000261
46 6 0.00032
46 11 0.000368
46 16 0.000282
46 21 0.000281
46 26 0.000355
46 31 0.000309
46 36 0.000277
46 41 0.000266
46 46 0.000278
46 51 0.000278
46 56 0.000329
46 61 0.000319
46 66 0.000324
46 71 0.000287
46 76 0.000344
46 81 0.000351
46 86 0.000267
46 91 0.00027
46 96 0.000334
51 1 0.000276
51 6 0.000304
51 11 0.000296
51 16 0.000265
51 21 0.000239
51 26 0.00025
51 31 0.000297
51 36 0.000263
51 41 0.000294
51 46 0.000263
51 51 0.000273
51 56 0.000301
51 61 0.000302
51 66 0.000266
51 71 0.000263
51 76 0.000255
51 81 0.000293
51 86 0.000444
51 91 0.00027
51 96 0.00029
56 1 0.000306
56 6 0.000349
56 11 0.000319
56 16 0.000255
56 21 0.000244
56 26 0.000266
56 31 0.0003
56 36 0.00027
56 41 0.000263
56 46 0.000302
56 51 0.000265
56 56 0.000264
56 61 0.000284
56 66 0.000329
56 71 0.000338
56 76 0.000295
56 81 0.000457
56 86 0.000327
56 91 0.000378
56 96 0.000265
61 1 0.000274
61 6 0.000334
61 11 0.000278
61 16 0.000288
61 21 0.000298
61 26 0.00031
61 31 0.000285
61 36 0.000277
61 41 0.000289
61 46 0.000275
61 51 0.000304
61 56 0.000296
61 61 0.000284
61 66 0.000349
61 71 0.000297
61 76 0.000354
61 81 0.000287
61 86 0.000346
61 91 0.000317
61 96 0.000325
66 1 0.000259
66 6 0.000268
66 11 0.000299
66 16 0.000254
66 21 0.000304
66 26 0.000333
66 31 0.000293
66 36 0.000301
66 41 0.000262
66 46 0.000268
66 51 0.000274
66 56 0.000329
66 61 0.000289
66 66 0.000289
66 71 0.000352
66 76 0.000314
66 81 0.000306
66 86 0.000308
66 91 0.000268
66 96 0.000316
71 1 0.000273
71 6 0.000371
71 11 0.000254
71 16 0.000263
71 21 0.000253
71 26 0.000262
71 31 0.000296
71 36 0.000302
71 41 0.00026
71 46 0.00028
71 51 0.000255
71 56 0.000349
71 61 0.000268
71 66 0.000303
71 71 0.000381
71 76 0.000434
71 81 0.000284
71 86 0.000253
71 91 0.000318
71 96 0.000315
76 1 0.000265
76 6 0.000274
76 11 0.000307
76 16 0.000301
76 21 0.000261
76 26 0.000318
76 31 0.000255
76 36 0.000303
76 41 0.000253
76 46 0.000334
76 51 0.000258
76 56 0.000386
76 61 0.000384
76 66 0.000294
76 71 0.000283
76 76 0.000307
76 81 0.000282
76 86 0.000348
76 91 0.000265
76 96 0.000269
81 1 0.000323
81 6 0.000277
81 11 0.000257
81 16 0.000274
81 21 0.0004
81 26 0.000339
81 31 0.000333
81 36 0.000257
81 41 0.000292
81 46 0.000247
81 51 0.000308
81 56 0.000277
81 61 0.000299
81 66 0.000299
81 71 0.000321
81 76 0.000319
81 81 0.000352
81 86 0.000304
81 91 0.000255
81 96 0.000237
86 1 0.000263
86 6 0.000271
86 11 0.000258
86 16 0.000265
86 21 0.000359
86 26 0.000296
86 31 0.00029
86 36 0.000303
86 41 0.00028
86 46 0.000301
86 51 0.000375
86 56 0.000299
86 61 0.000293
86 66 0.000371
86 71 0.000314
86 76 0.000378
86 81 0.000316
86 86 0.000323
86 91 0.000379
86 96 0.000302
91 1 0.000326
91 6 0.000271
91 11 0.000266
91 16 0.00026
91 21 0.000286
91 26 0.000314
91 31 0.000281
91 36 0.000283
91 41 0.000259
91 46 0.000315
91 51 0.000265
91 56 0.000271
91 61 0.00032
91 66 0.000314
91 71 0.000327
91 76 0.000267
91 81 0.000344
91 86 0.000313
91 91 0.000283
91 96 0.000254
96 1 0.000256
96 6 0.000269
96 11 0.000281
96 16 0.000271
96 21 0.000248
96 26 0.000275
96 31 0.000307
96 36 0.000304
96 41 0.000314
96 46 0.000264
96 51 0.000319
96 56 0.000314
96 61 0.000262
96 66 0.000264
96 71 0.000257
96 76 0.000279
96 81 0.00027
96 86 0.000273
96 91 0.000314
96 96 0.000259
1 1 0.00029
1 6 0.000325
1 11 0.000434
1 16 0.00031
1 21 0.000331
1 26 0.000272
1 31 0.00026
1 36 0.00028
1 41 0.000249
1 46 0.000271
1 51 0.00028
1 56 0.000271
1 61 0.000289
1 66 0.000351
1 71 0.00029
1 76 0.000259
1 81 0.000288
1 86 0.000307
1 91 0.000265
1 96 0.000249
6 1 0.000267
6 6 0.000296
6 11 0.000341
6 16 0.000314
6 21 0.000267
6 26 0.000257
6 31 0.00028
6 36 0.000252
6 41 0.000283
6 46 0.000345
6 51 0.00033
6 56 0.000275
6 61 0.000256
6 66 0.000271
6 71 0.000268
6 76 0.000251
6 81 0.000233
6 86 0.000304
6 91 0.000279
6 96 0.00031
11 1 0.000255
11 6 0.000344
11 11 0.000318
11 16 0.000258
11 21 0.00028
11 26 0.000265
11 31 0.000241
11 36 0.000243
11 41 0.000308
11 46 0.000347
11 51 0.000295
11 56 0.000287
11 61 0.000268
11 66 0.000299
11 71 0.000375
11 76 0.000304
11 81 0.000253
11 86 0.000279
11 91 0.000259
11 96 0.000249
16 1 0.000254
16 6 0.000268
16 11 0.000373
16 16 0.000308
16 21 0.000382
16 26 0.000426
16 31 0.000241
16 36 0.000275
16 41 0.000238
16 46 0.000257
16 51 0.000304
16 56 0.000263
16 61 0.000295
16 66 0.000322
16 71 0.000265
16 76 0.000272
16 81 0.000258
16 86 0.000248
16 91 0.000275
16 96 0.000254
21 1 0.000262
21 6 0.000238
21 11 0.000268
21 16 0.000243
21 21 0.000296
21 26 0.000287
21 31 0.000301
21 36 0.000262
21 41 0.000275
21 46 0.000253
21 51 0.000247
21 56 0.00031
21 61 0.000302
21 66 0.000315
21 71 0.000282
21 76 0.000384
21 81 0.000261
21 86 0.000253
21 91 0.000289
21 96 0.000282
26 1 0.000268
26 6 0.000308
26 11 0.00023
26 16 0.000273
26 21 0.000273
26 26 0.000276
26 31 0.000278
26 36 0.000318
26 41 0.000291
26 46 0.000318
26 51 0.000269
26 56 0.000295
26 61 0.000256
26 66 0.000267
26 71 0.000348
26 76 0.000307
26 81 0.000337
26 86 0.000325
26 91 0.00038
26 96 0.000273
31 1 0.000317
31 6 0.000289
31 11 0.000273
31 16 0.000282
31 21 0.000284
31 26 0.00029
31 31 0.000329
31 36 0.000366
31 41 0.000375
31 46 0.000301
31 51 0.000265
31 56 0.000309
31 61 0.000307
31 66 0.000273
31 71 0.00035
31 76 0.00037
31 81 0.000324
31 86 0.00031
31 91 0.000267
31 96 0.000267
36 1 0.000266
36 6 0.000227
36 11 0.000276
36 16 0.00029
36 21 0.000239
36 26 0.000245
36 31 0.000301
36 36 0.000271
36 41 0.00026
36 46 0.000266
36 51 0.000266
36 56 0.000262
36 61 0.00027
36 66 0.000403
36 71 0.000328
36 76 0.000256
36 81 0.000275
36 86 0.000277
36 91 0.000236
36 96 0.000264
41 1 0.000283
41 6 0.000261
41 11 0.000258
41 16 0.000269
41 21 0.000367
41 26 0.000317
41 31 0.000291
41 36 0.000257
41 41 0.000277
41 46 0.000287
41 51 0.000275
41 56 0.000278
41 61 0.000258
41 66 0.00026
41 71 0.000285
41 76 0.000379
41 81 0.000305
41 86 0.000286
41 91 0.000323
41 96 0.000268
46 1 0.000276
46 6 0.000331
46 11 0.000289
46 16 0.000253
46 21 0.000282
46 26 0.000281
46 31 0.000283
46 36 0.000287
46 41 0.000263
46 46 0.000392
46 51 0.000265
46 56 0.000321
46 61 0.00025
46 66 0.000356
46 71 0.000338
46 76 0.000276
46 81 0.00026
46 86 0.000346
46 91 0.000313
46 96 0.00025
51 1 0.000282
51 6 0.000355
51 11 0.000291
51 16 0.000289
51 21 0.000323
51 26 0.000298
51 31 0.000291
51 36 0.000296
51 41 0.000247
51 46 0.000239
51 51 0.000262
51 56 0.000347
51 61 0.000286
51 66 0.000285
51 71 0.000301
51 76 0.00031
51 81 0.000314
51 86 0.000283
51 91 0.000242
51 96 0.000325
56 1 0.00034
56 6 0.000497
56 11 0.00028
56 16 0.000296
56 21 0.000265
56 26 0.000286
56 31 0.000383
56 36 0.000286
56 41 0.000265
56 46 0.000245
56 51 0.000261
56 56 0.000377
56 61 0.000257
56 66 0.000253
56 71 0.000346
56 76 0.000249
56 81 0.00038
56 86 0.000264
56 91 0.000282
56 96 0.000265
61 1 0.000284
61 6 0.000303
61 11 0.000312
61 16 0.000387
61 21 0.000265
61 26 0.000246
61 31 0.000407
61 36 0.00028
61 41 0.000263
61 46 0.000319
61 51 0.000381
61 56 0.000534
61 61 0.000151
61 66 0.000182
61 71 0.000288
61 76 0.000302
61 81 0.000351
61 86 0.00026
61 91 0.000287
61 96 0.0003
66 1 0.000331
66 6 0.000269
66 11 0.000307
66 16 0.0003
66 21 0.000296
66 26 0.000297
66 31 0.00034
66 36 0.000311
66 41 0.000246
66 46 0.000305
66 51 0.000259
66 56 0.00035
66 61 0.00038
66 66 0.000251
66 71 0.00031
66 76 0.00031
66 81 0.000383
66 86 0.00031
66 91 0.000366
66 96 0.000278
71 1 0.000299
71 6 0.000299
71 11 0.000287
71 16 0.000298
71 21 0.000246
71 26 0.000273
71 31 0.000289
71 36 0.000288
71 41 0.000314
71 46 0.000314
71 51 0.000271
71 56 0.000266
71 61 0.00037
71 66 0.000338
71 71 0.00025
71 76 0.000294
71 81 0.000398
71 86 0.00025
71 91 0.000336
71 96 0.000258
76 1 0.000301
76 6 0.000258
76 11 0.000266
76 16 0.000326
76 21 0.000305
76 26 0.000338
76 31 0.000361
76 36 0.000262
76 41 0.000277
76 46 0.000264
76 51 0.000385
76 56 0.00025
76 61 0.000311
76 66 0.00031
76 71 0.000304
76 76 0.000253
76 81 0.000265
76 86 0.000252
76 91 0.00031
76 96 0.000339
81 1 0.000469
81 6 0.000344
81 11 0.000313
81 16 0.000315
81 21 0.00027
81 26 0.000284
81 31 0.00027
81 36 0.000261
81 41 0.000272
81 46 0.000264
81 51 0.000274
81 56 0.000305
81 61 0.000281
81 66 0.000275
81 71 0.000332
81 76 0.000425
81 81 0.000328
81 86 0.000424
81 91 0.000283
81 96 0.000306
86 1 0.000322
86 6 0.000264
86 11 0.000319
86 16 0.000261
86 21 0.000329
86 26 0.000288
86 31 0.000267
86 36 0.000256
86 41 0.000266
86 46 0.000316
86 51 0.000251
86 56 0.000252
86 61 0.000303
86 66 0.000252
86 71 0.000263
86 76 0.000262
86 81 0.00027
86 86 0.000329
86 91 0.000268
86 96 0.000258
91 1 0.000303
91 6 0.000286
91 11 0.000249
91 16 0.000313
91 21 0.000311
91 26 0.000287
91 31 0.000268
91 36 0.00029
91 41 0.000304
91 46 0.000287
91 51 0.000267
91 56 0.000337
91 61 0.000306
91 66 0.000268
91 71 0.00037
91 76 0.000333
91 81 0.000308
91 86 0.000256
91 91 0.000241
91 96 0.000403
96 1 0.000264
96 6 0.000332
96 11 0.000343
96 16 0.000259
96 21 0.000252
96 26 0.000326
96 31 0.000307
96 36 0.000261
96 41 0.000407
96 46 0.000319
96 51 0.000322
96 56 0.000303
96 61 0.000309
96 66 0.000304
96 71 0.000237
96 76 0.000332
96 81 0.000265
96 86 0.000307
96 91 0.000253
96 96 0.00026
1 1 0.000332
1 6 0.000299
1 11 0.000225
1 16 0.000238
1 21 0.000238
1 26 0.000284
1 31 0.00029
1 36 0.000249
1 41 0.000232
1 46 0.000277
1 51 0.000269
1 56 0.00037
1 61 0.000339
1 66 0.000312
1 71 0.000273
1 76 0.000317
1 81 0.000274
1 86 0.000319
1 91 0.000277
1 96 0.000294
6 1 0.00029
6 6 0.000315
6 11 0.000305
6 16 0.000276
6 21 0.000274
6 26 0.000268
6 31 0.000269
6 36 0.000275
6 41 0.000404
6 46 0.000263
6 51 0.000317
6 56 0.000321
6 61 0.000278
6 66 0.000309
6 71 0.000247
6 76 0.000278
6 81 0.00028
6 86 0.000323
6 91 0.000303
6 96 0.000239
11 1 0.000306
11 6 0.000279
11 11 0.000296
11 16 0.000319
11 21 0.000331
11 26 0.000322
11 31 0.00031
11 36 0.000251
11 41 0.000249
11 46 0.000242
11 51 0.000237
11 56 0.000268
11 61 0.000322
11 66 0.000279
11 71 0.000292
11 76 0.000306
11 81 0.000353
11 86 0.000349
11 91 0.000285
11 96 0.000286
16 1 0.000302
16 6 0.000273
16 11 0.000263
16 16 0.000272
16 21 0.000275
16 26 0.000344
16 31 0.000303
16 36 0.00028
16 41 0.000256
16 46 0.000379
16 51 0.000299
16 56 0.00035
16 61 0.000289
16 66 0.000366
16 71 0.000314
16 76 0.000343
16 81 0.000265
16 86 0.000289
16 91 0.00027
16 96 0.000256
21 1 0.000292
21 6 0.000308
21 11 0.000253
21 16 0.00028
21 21 0.000279
21 26 0.00026
21 31 0.000328
21 36 0.000325
21 41 0.000321
21 46 0.000297
21 51 0.000253
21 56 0.000323
21 61 0.000241
21 66 0.000305
21 71 0.000314
21 76 0.000242
21 81 0.000252
21 86 0.000239
21 91 0.000255
21 96 0.000329
26 1 0.000324
26 6 0.000278
26 11 0.000349
26 16 0.000259
26 21 0.000314
26 26 0.000252
26 31 0.000292
26 36 0.000281
26 41 0.000258
26 46 0.000283
26 51 0.000254
26 56 0.000262
26 61 0.000263
26 66 0.000355
26 71 0.000277
26 76 0.000293
26 81 0.000255
26 86 0.00027
26 91 0.000294
26 96 0.000255
31 1 0.000252
31 6 0.000267
31 11 0.000306
31 16 0.000353
31 21 0.000276
31 26 0.000273
31 31 0.000261
31 36 0.000272
31 41 0.000254
31 46 0.000303
31 51 0.000283
31 56 0.00045
31 61 0.000392
31 66 0.000313
31 71 0.000365
31 76 0.00034
31 81 0.000296
31 86 0.000267
31 91 0.000287
31 96 0.000302
36 1 0.000279
36 6 0.000248
36 11 0.000284
36 16 0.000263
36 21 0.000296
36 26 0.000287
36 31 0.000237
36 36 0.000289
36 41 0.000327
36 46 0.000261
36 51 0.000351
36 56 0.000264
36 61 0.000324
36 66 0.000258
36 71 0.000303
36 76 0.000268
36 81 0.000275
36 86 0.000412
36 91 0.000252
36 96 0.000241
41 1 0.000284
41 6 0.000285
41 11 0.000282
41 16 0.000281
41 21 0.000249
41 26 0.000242
41 31 0.000241
41 36 0.000274
41 41 0.000319
41 46 0.000368
41 51 0.000272
41 56 0.00032
41 61 0.000263
41 66 0.000298
41 71 0.000295
41 76 0.000257
41 81 0.000339
41 86 0.000299
41 91 0.000314
41 96 0.000255
46 1 0.000293
46 6 0.000294
46 11 0.000275
46 16 0.000292
46 21 0.000283
46 26 0.000281
46 31 0.000314
46 36 0.000406
46 41 0.000326
46 46 0.000352
46 51 0.000319
46 56 0.000312
46 61 0.000307
46 66 0.00033
46 71 0.000292
46 76 0.000263
46 81 0.000363
46 86 0.000266
46 91 0.000256
46 96 0.000331
51 1 0.0003
51 6 0.000289
51 11 0.000299
51 16 0.000331
51 21 0.000279
51 26 0.000257
51 31 0.0003
51 36 0.000324
51 41 0.000261
51 46 0.000263
51 51 0.000294
51 56 0.000289
51 61 0.000264
51 66 0.000309
51 71 0.000296
51 76 0.000271
51 81 0.000255
51 86 0.000313
51 91 0.000319
51 96 0.000289
56 1 0.000322
56 6 0.000322
56 11 0.000349
56 16 0.00031
56 21 0.000262
56 26 0.000352
56 31 0.00031
56 36 0.000264
56 41 0.000249
56 46 0.000286
56 51 0.00034
56 56 0.000332
56 61 0.00026
56 66 0.000267
56 71 0.000367
56 76 0.000388
56 81 0.000297
56 86 0.000297
56 91 0.000262
56 96 0.000265
61 1 0.000273
61 6 0.000335
61 11 0.000288
61 16 0.000342
61 21 0.000268
61 26 0.000281
61 31 0.000261
61 36 0.000339
61 41 0.000266
61 46 0.000379
61 51 0.000292
61 56 0.000311
61 61 0.000351
61 66 0.00029
61 71 0.00031
61 76 0.000245
61 81 0.000284
61 86 0.000277
61 91 0.000286
61 96 0.000257
66 1 0.000339
66 6 0.000307
66 11 0.000303
66 16 0.000266
66 21 0.000318
66 26 0.000318
66 31 0.000266
66 36 0.000268
66 41 0.000236
66 46 0.000316
66 51 0.000242
66 56 0.000312
66 61 0.000251
66 66 0.000251
66 71 0.000308
66 76 0.000311
66 81 0.00027
66 86 0.000338
66 91 0.000347
66 96 0.000314
71 1 0.000311
71 6 0.000322
71 11 0.00029
71 16 0.000297
71 21 0.000264
71 26 0.000286
71 31 0.000332
71 36 0.00028
71 41 0.000329
71 46 0.000292
71 51 0.000292
71 56 0.000289
71 61 0.000336
71 66 0.000314
71 71 0.00029
71 76 0.000252
71 81 0.000246
71 86 0.000271
71 91 0.000324
71 96 0.000392
76 1 0.000322
76 6 0.000258
76 11 0.000263
76 16 0.00031
76 21 0.000293
76 26 0.000273
76 31 0.000272
76 36 0.000299
76 41 0.000253
76 46 0.000332
76 51 0.000291
76 56 0.000312
76 61 0.000339
76 66 0.000267
76 71 0.000295
76 76 0.000334
76 81 0.000416
76 86 0.000274
76 91 0.000269
76 96 0.000386
81 1 0.00032
81 6 0.000266
81 11 0.00033
81 16 0.000271
81 21 0.000273
81 26 0.000254
81 31 0.000257
81 36 0.000253
81 41 0.00033
81 46 0.000292
81 51 0.000344
81 56 0.000272
81 61 0.000293
81 66 0.000275
81 71 0.000282
81 76 0.000306
81 81 0.000264
81 86 0.000234
81 91 0.000366
81 96 0.000252
86 1 0.000263
86 6 0.000254
86 11 0.000317
86 16 0.000265
86 21 0.000305
86 26 0.000253
86 31 0.000338
86 36 0.000256
86 41 0.000303
86 46 0.00032
86 51 0.000254
86 56 0.000252
86 61 0.000277
86 66 0.000259
86 71 0.000389
86 76 0.000309
86 81 0.000305
86 86 0.000326
86 91 0.000366
86 96 0.000256
91 1 0.000318
91 6 0.00034
91 11 0.000277
91 16 0.000257
91 21 0.000302
91 26 0.000409
91 31 0.000328
91 36 0.000257
91 41 0.000271
91 46 0.000375
91 51 0.000291
91 56 0.000343
91 61 0.000371
91 66 0.000383
91 71 0.000273
91 76 0.000253
91 81 0.000258
91 86 0.000254
91 91 0.000326
91 96 0.000265
96 1 0.000272
96 6 0.000305
96 11 0.000255
96 16 0.000247
96 21 0.000307
96 26 0.000252
96 31 0.000342
96 36 0.000321
96 41 0.000272
96 46 0.000269
96 51 0.000256
96 56 0.000325
96 61 0.000271
96 66 0.000259
96 71 0.000425
96 76 0.000369
96 81 0.000265
96 86 0.000258
96 91 0.00025
96 96 0.000283
1 1 0.000306
1 6 0.000287
1 11 0.000326
1 16 0.000302
1 21 0.000364
1 26 0.000318
1 31 0.000275
1 36 0.000299
1 41 0.000363
1 46 0.000265
1 51 0.000311
1 56 0.000294
1 61 0.000424
1 66 0.000262
1 71 0.000324
1 76 0.000263
1 81 0.000261
1 86 0.000303
1 91 0.000303
1 96 0.000264
6 1 0.000315
6 6 0.000292
6 11 0.000307
6 16 0.000291
6 21 0.000295
6 26 0.000276
6 31 0.000344
6 36 0.000274
6 41 0.000271
6 46 0.000305
6 51 0.0003
6 56 0.000296
6 61 0.000335
6 66 0.000278
6 71 0.000297
6 76 0.000268
6 81 0.000285
6 86 0.000288
6 91 0.000306
6 96 0.000273
11 1 0.000368
11 6 0.000269
11 11 0.000325
11 16 0.000321
11 21 0.000301
11 26 0.000263
11 31 0.000298
11 36 0.000294
11 41 0.000343
11 46 0.000353
11 51 0.000373
11 56 0.000303
11 61 0.000293
11 66 0.00035
11 71 0.000299
11 76 0.000396
11 81 0.000314
11 86 0.000392
11 91 0.000371
11 96 0.000267
16 1 0.000307
16 6 0.000321
16 11 0.000273
16 16 0.000299
16 21 0.000339
16 26 0.000288
16 31 0.000336
16 36 0.0003
16 41 0.000299
16 46 0.000288
16 51 0.000289
16 56 0.000293
16 61 0.000263
16 66 0.000282
16 71 0.000293
16 76 0.000322
16 81 0.00032
16 86 0.00025
16 91 0.000298
16 96 0.000329
21 1 0.000264
21 6 0.000285
21 11 0.000301
21 16 0.000305
21 21 0.000251
21 26 0.000276
21 31 0.000277
21 36 0.000261
21 41 0.000292
21 46 0.000257
21 51 0.000281
21 56 0.000302
21 61 0.000271
21 66 0.000312
21 71 0.000269
21 76 0.000339
21 81 0.000271
21 86 0.000398
21 91 0.000358
21 96 0.000301
26 1 0.000269
26 6 0.000379
26 11 0.000301
26 16 0.000278
26 21 0.000268
26 26 0.000288
26 31 0.000257
26 36 0.000275
26 41 0.000334
26 46 0.000308
26 51 0.000298
26 56 0.000302
26 61 0.000259
26 66 0.000292
26 71 0.000355
26 76 0.000255
26 81 0.000268
26 86 0.000257
26 91 0.000278
26 96 0.000252
31 1 0.000305
31 6 0.000323
31 11 0.000292
31 16 0.000272
31 21 0.000282
31 26 0.000271
31 31 0.000272
31 36 0.000272
31 41 0.000284
31 46 0.000286
31 51 0.000417
31 56 0.000322
31 61 0.000299
31 66 0.000266
31 71 0.000313
31 76 0.000258
31 81 0.000372
31 86 0.000298
31 91 0.000316
31 96 0.000273
36 1 0.00031
36 6 0.00033
36 11 0.000265
36 16 0.000274
36 21 0.000272
36 26 0.000289
36 31 0.000271
36 36 0.000302
36 41 0.00031
36 46 0.0003
36 51 0.000321
36 56 0.000341
36 61 0.000308
36 66 0.000325
36 71 0.000364
36 76 0.000271
36 81 0.000308
36 86 0.00026
36 91 0.000251
36 96 0.000451
41 1 0.000254
41 6 0.000294
41 11 0.000328
41 16 0.000258
41 21 0.000244
41 26 0.000236
41 31 0.000262
41 36 0.000276
41 41 0.0003
41 46 0.000294
41 51 0.000328
41 56 0.000491
41 61 0.000319
41 66 0.00035
41 71 0.000359
41 76 0.000335
41 81 0.000272
41 86 0.000273
41 91 0.000272
41 96 0.000306
46 1 0.000307
46 6 0.000321
46 11 0.000256
46 16 0.000299
46 21 0.000301
46 26 0.00031
46 31 0.000261
46 36 0.000286
46 41 0.000317
46 46 0.000273
46 51 0.000259
46 56 0.000317
46 61 0.000345
46 66 0.000316
46 71 0.000329
46 76 0.00031
46 81 0.000312
46 86 0.000338
46 91 0.000304
46 96 0.000272
51 1 0.000285
51 6 0.000299
51 11 0.000288
51 16 0.00031
51 21 0.000245
51 26 0.0003
51 31 0.000329
51 36 0.000385
51 41 0.00031
51 46 0.000261
51 51 0.000233
51 56 0.000291
51 61 0.000266
51 66 0.000347
51 71 0.000295
51 76 0.00041
51 81 0.000253
51 86 0.000268
51 91 0.00027
51 96 0.000237
56 1 0.000285
56 6 0.000352
56 11 0.000264
56 16 0.000366
56 21 0.000304
56 26 0.000299
56 31 0.000315
56 36 0.00039
56 41 0.000331
56 46 0.000284
56 51 0.000345
56 56 0.000329
56 61 0.000327
56 66 0.0003
56 71 0.000319
56 76 0.000306
56 81 0.000314
56 86 0.000419
56 91 0.000349
56 96 0.000262
61 1 0.000384
61 6 0.000373
61 11 0.000314
61 16 0.000358
61 21 0.00028
61 26 0.000272
61 31 0.00026
61 36 0.000295
61 41 0.000301
61 46 0.000277
61 51 0.000306
61 56 0.000327
61 61 0.000286
61 66 0.000309
61 71 0.000345
61 76 0.000318
61 81 0.000286
61 86 0.000261
61 91 0.000252
61 96 0.000267
66 1 0.000333
66 6 0.000311
66 11 0.000282
66 16 0.000331
66 21 0.000314
66 26 0.000247
66 31 0.000276
66 36 0.000301
66 41 0.000281
66 46 0.000287
66 51 0.000311
66 56 0.000255
66 61 0.000311
66 66 0.000357
66 71 0.000326
66 76 0.000317
66 81 0.000316
66 86 0.000311
66 91 0.000315
66 96 0.000319
71 1 0.000252
71 6 0.000322
71 11 0.000313
71 16 0.000261
71 21 0.00028
71 26 0.000266
71 31 0.000281
71 36 0.000287
71 41 0.000315
71 46 0.000334
71 51 0.000315
71 56 0.000306
71 61 0.000326
71 66 0.000311
71 71 0.000298
71 76 0.000324
71 81 0.000281
71 86 0.000292
71 91 0.000299
71 96 0.000264
76 1 0.000293
76 6 0.000304
76 11 0.000328
76 16 0.000288
76 21 0.000257
76 26 0.000321
76 31 0.000307
76 36 0.000267
76 41 0.000298
76 46 0.000266
76 51 0.000258
76 56 0.000276
76 61 0.000286
76 66 0.000291
76 71 0.000264
76 76 0.000345
76 81 0.00031
76 86 0.000307
76 91 0.000317
76 96 0.000345
81 1 0.00031
81 6 0.000318
81 11 0.000335
81 16 0.000326
81 21 0.000332
81 26 0.000262
81 31 0.000267
81 36 0.000271
81 41 0.000252
81 46 0.000373
81 51 0.000345
81 56 0.000272
81 61 0.000251
81 66 0.000261
81 71 0.000309
81 76 0.000332
81 81 0.000265
81 86 0.000264
81 91 0.000311
81 96 0.000267
86 1 0.000325
86 6 0.000279
86 11 0.000322
86 16 0.000276
86 21 0.000305
86 26 0.000313
86 31 0.000251
86 36 0.000275
86 41 0.000281
86 46 0.000276
86 51 0.000266
86 56 0.000294
86 61 0.00031
86 66 0.000264
86 71 0.000316
86 76 0.000309
86 81 0.000281
86 86 0.00034
86 91 0.00033
86 96 0.000317
91 1 0.000288
91 6 0.000391
91 11 0.000252
91 16 0.000293
91 21 0.000317
91 26 0.000257
91 31 0.000252
91 36 0.000354
91 41 0.000255
91 46 0.000241
91 51 0.000278
91 56 0.000309
91 61 0.000269
91 66 0.000368
91 71 0.000282
91 76 0.000385
91 81 0.000282
91 86 0.000269
91 91 0.000252
91 96 0.000275
96 1 0.000266
96 6 0.000266
96 11 0.000307
96 16 0.000281
96 21 0.000361
96 26 0.000252
96 31 0.000254
96 36 0.00027
96 41 0.000284
96 46 0.000329
96 51 0.000404
96 56 0.000326
96 61 0.000259
96 66 0.000305
96 71 0.000309
96 76 0.000374
96 81 0.000325
96 86 0.000268
96 91 0.000302
96 96 0.000251
1 1 0.000418
1 6 0.000359
1 11 0.000351
1 16 0.000396
1 21 0.000319
1 26 0.000327
1 31 0.000318
1 36 0.000308
1 41 0.000304
1 46 0.000313
1 51 0.000379
1 56 0.000325
1 61 0.000373
1 66 0.000309
1 71 0.00031
1 76 0.000294
1 81 0.000365
1 86 0.000386
1 91 0.000272
1 96 0.000395
6 1 0.000417
6 6 0.000292
6 11 0.000295
6 16 0.000332
6 21 0.000308
6 26 0.000356
6 31 0.000362
6 36 0.000315
6 41 0.000274
6 46 0.000342
6 51 0.000255
6 56 0.000346
6 61 0.000326
6 66 0.000327
6 71 0.000391
6 76 0.000354
6 81 0.000412
6 86 0.000361
6 91 0.000341
6 96 0.000353
11 1 0.000336
11 6 0.000274
11 11 0.000366
11 16 0.00038
11 21 0.000316
11 26 0.000324
11 31 0.000292
11 36 0.00033
11 41 0.000362
11 46 0.000396
11 51 0.000293
11 56 0.000343
11 61 0.000313
11 66 0.000318
11 71 0.000297
11 76 0.000313
11 81 0.000329
11 86 0.000277
11 91 0.000332
11 96 0.000267
16 1 0.000399
16 6 0.000279
16 11 0.000323
16 16 0.0004
16 21 0.000345
16 26 0.000299
16 31 0.000293
16 36 0.000369
16 41 0.000351
16 46 0.000312
16 51 0.000373
16 56 0.000303
16 61 0.000381
16 66 0.000311
16 71 0.000376
16 76 0.000369
16 81 0.000422
16 86 0.000298
16 91 0.000272
16 96 0.000348
21 1 0.000367
21 6 0.000305
21 11 0.00039
21 16 0.000322
21 21 0.000396
21 26 0.000315
21 31 0.000318
21 36 0.000284
21 41 0.000391
21 46 0.000374
21 51 0.000391
21 56 0.000371
21 61 0.000374
21 66 0.00031
21 71 0.000327
21 76 0.000327
21 81 0.000286
21 86 0.000357
21 91 0.000315
21 96 0.000336
26 1 0.000277
26 6 0.000235
26 11 0.000316
26 16 0.000313
26 21 0.00036
26 26 0.000322
26 31 0.000285
26 36 0.000331
26 41 0.000384
26 46 0.00031
26 51 0.000331
26 56 0.000335
26 61 0.000339
26 66 0.000308
26 71 0.000352
26 76 0.00037
26 81 0.000361
26 86 0.000377
26 91 0.000376
26 96 0.000314
31 1 0.000312
31 6 0.000265
31 11 0.000371
31 16 0.000274
31 21 0.00029
31 26 0.000252
31 31 0.000385
31 36 0.000362
31 41 0.000298
31 46 0.000387
31 51 0.00034
31 56 0.000421
31 61 0.000358
31 66 0.00043
31 71 0.000376
31 76 0.000326
31 81 0.000336
31 86 0.00044
31 91 0.00039
31 96 0.000322
36 1 0.000256
36 6 0.000353
36 11 0.000341
36 16 0.000357
36 21 0.000307
36 26 0.000369
36 31 0.000313
36 36 0.000349
36 41 0.000258
36 46 0.000294
36 51 0.000313
36 56 0.000311
36 61 0.000304
36 66 0.000309
36 71 0.000391
36 76 0.000321
36 81 0.000306
36 86 0.000265
36 91 0.000462
36 96 0.000436
41 1 0.000365
41 6 0.000322
41 11 0.000305
41 16 0.000308
41 21 0.00027
41 26 0.000274
41 31 0.000275
41 36 0.000295
41 41 0.000255
41 46 0.000349
41 51 0.000373
41 56 0.000365
41 61 0.000354
41 66 0.000332
41 71 0.000279
41 76 0.000283
41 81 0.000317
41 86 0.000303
41 91 0.000361
41 96 0.000361
46 1 0.00038
46 6 0.000357
46 11 0.00033
46 16 0.000314
46 21 0.000374
46 26 0.000288
46 31 0.000331
46 36 0.000328
46 41 0.000299
46 46 0.000399
46 51 0.000268
46 56 0.000363
46 61 0.000335
46 66 0.000286
46 71 0.000341
46 76 0.00034
46 81 0.000271
46 86 0.000271
46 91 0.000424
46 96 0.000349
51 1 0.000366
51 6 0.000385
51 11 0.000316
51 16 0.000358
51 21 0.000333
51 26 0.000333
51 31 0.000324
51 36 0.000339
51 41 0.000347
51 46 0.000308
51 51 0.000316
51 56 0.000387
51 61 0.000353
51 66 0.00034
51 71 0.00047
51 76 0.000362
51 81 0.000346
51 86 0.000314
51 91 0.000312
51 96 0.000373
56 1 0.000366
56 6 0.00037
56 11 0.000358
56 16 0.000344
56 21 0.000288
56 26 0.000315
56 31 0.000377
56 36 0.000432
56 41 0.000355
56 46 0.00031
56 51 0.000393
56 56 0.000329
56 61 0.000303
56 66 0.00036
56 71 0.000285
56 76 0.000332
56 81 0.000314
56 86 0.000434
56 91 0.000312
56 96 0.000332
61 1 0.000359
61 6 0.000395
61 11 0.000338
61 16 0.00039
61 21 0.000308
61 26 0.000318
61 31 0.000296
61 36 0.000318
61 41 0.000372
61 46 0.000323
61 51 0.000383
61 56 0.000295
61 61 0.00031
61 66 0.000348
61 71 0.000386
61 76 0.000312
61 81 0.00033
61 86 0.000261
61 91 0.000389
61 96 0.000258
66 1 0.000297
66 6 0.000349
66 11 0.00037
66 16 0.000315
66 21 0.000413
66 26 0.000285
66 31 0.000289
66 36 0.000285
66 41 0.000359
66 46 0.000349
66 51 0.000323
66 56 0.000278
66 61 0.000394
66 66 0.000321
66 71 0.000304
66 76 0.000309
66 81 0.000314
66 86 0.000294
66 91 0.000371
66 96 0.000336
71 1 0.000327
71 6 0.000333
71 11 0.000327
71 16 0.000351
71 21 0.000321
71 26 0.00033
71 31 0.000277
71 36 0.000316
71 41 0.000359
71 46 0.000338
71 51 0.000378
71 56 0.000421
71 61 0.000363
71 66 0.000393
71 71 0.000356
71 76 0.000305
71 81 0.000259
71 86 0.000287
71 91 0.000321
71 96 0.000378
76 1 0.000349
76 6 0.000374
76 11 0.00026
76 16 0.000332
76 21 0.000356
76 26 0.000403
76 31 0.000283
76 36 0.000327
76 41 0.000424
76 46 0.000335
76 51 0.000333
76 56 0.000335
76 61 0.000381
76 66 0.000271
76 71 0.000362
76 76 0.000339
76 81 0.00031
76 86 0.000371
76 91 0.00032
76 96 0.000304
81 1 0.000337
81 6 0.000344
81 11 0.000311
81 16 0.000387
81 21 0.00036
81 26 0.000257
81 31 0.000351
81 36 0.000435
81 41 0.000321
81 46 0.00039
81 51 0.000319
81 56 0.000342
81 61 0.000315
81 66 0.000345
81 71 0.000375
81 76 0.000328
81 81 0.000322
81 86 0.000399
81 91 0.00033
81 96 0.000275
86 1 0.000356
86 6 0.000313
86 11 0.000346
86 16 0.000337
86 21 0.000331
86 26 0.000353
86 31 0.000389
86 36 0.000345
86 41 0.000343
86 46 0.000303
86 51 0.000357
86 56 0.00036
86 61 0.00034
86 66 0.000312
86 71 0.00031
86 76 0.000464
86 81 0.000307
86 86 0.000322
86 91 0.000484
86 96 0.000358
91 1 0.000281
91 6 0.000285
91 11 0.000315
91 16 0.000318
91 21 0.000326
91 26 0.000377
91 31 0.000397
91 36 0.000316
91 41 0.000373
91 46 0.000391
91 51 0.000327
91 56 0.000294
91 61 0.000296
91 66 0.000352
91 71 0.000363
91 76 0.000281
91 81 0.000329
91 86 0.000338
91 91 0.000254
91 96 0.00032
96 1 0.000321
96 6 0.000363
96 11 0.000337
96 16 0.000335
96 21 0.000295
96 26 0.000315
96 31 0.000306
96 36 0.000328
96 41 0.000292
96 46 0.000433
96 51 0.000266
96 56 0.00042
96 61 0.000351
96 66 0.000261
96 71 0.000334
96 76 0.000278
96 81 0.000276
96 86 0.00031
96 91 0.000305
96 96 0.000357
1 1 71
1 6 177
1 11 643
1 16 1376
1 21 1409
1 26 2177
1 31 2791
1 36 5346
1 41 5376
1 46 8310
1 51 9994
1 56 9644
1 61 14525
1 66 14400
1 71 19093
1 76 16868
1 81 18824
1 86 22546
1 91 27724
1 96 29043
6 1 53
6 6 235
6 11 607
6 16 1618
6 21 1668
6 26 3653
6 31 4810
6 36 5055
6 41 6055
6 46 11742
6 51 9879
6 56 11365
6 61 12879
6 66 18936
6 71 19190
6 76 22449
6 81 29515
6 86 27212
6 91 36765
6 96 47415
11 1 68
11 6 240
11 11 933
11 16 1359
11 21 1825
11 26 2858
11 31 4965
11 36 7165
11 41 6620
11 46 11996
11 51 10990
11 56 14445
11 61 14105
11 66 21678
11 71 20880
11 76 23217
11 81 27275
11 86 36083
11 91 46025
11 96 49650
16 1 67
16 6 365
16 11 938
16 16 1471
16 21 2035
16 26 3058
16 31 4260
16 36 7723
16 41 7074
16 46 12808
16 51 11480
16 56 13168
16 61 14826
16 66 22044
16 71 21990
16 76 24389
16 81 27964
16 86 35993
16 91 43155
16 96 46220
21 1 78
21 6 356
21 11 961
21 16 1392
21 21 2051
21 26 3239
21 31 4214
21 36 8072
21 41 7566
21 46 10890
21 51 12754
21 56 13679
21 61 15712
21 66 20398
21 71 22819
21 76 27128
21 81 36800
21 86 32995
21 91 49506
21 96 50803
26 1 57
26 6 276
26 11 924
26 16 1403
26 21 2057
26 26 3337
26 31 5090
26 36 6263
26 41 7516
26 46 12840
26 51 12147
26 56 17079
26 61 16010
26 66 22411
26 71 23496
26 76 26394
26 81 28870
26 86 32076
26 91 50282
26 96 49320
31 1 60
31 6 357
31 11 759
31 16 1472
31 21 2531
31 26 4485
31 31 5136
31 36 6704
31 41 10500
31 46 12563
31 51 13588
31 56 15432
31 61 20341
31 66 22778
31 71 32669
31 76 33446
31 81 33565
31 86 41173
31 91 48210
31 96 54775
36 1 57
36 6 377
36 11 882
36 16 1827
36 21 2189
36 26 3974
36 31 4766
36 36 7272
36 41 8668
36 46 11989
36 51 15704
36 56 18877
36 61 18052
36 66 26078
36 71 26749
36 76 31293
36 81 41962
36 86 43145
36 91 56822
36 96 54595
41 1 56
41 6 418
41 11 754
41 16 1525
41 21 2353
41 26 4614
41 31 4892
41 36 6981
41 41 8759
41 46 11972
41 51 15399
41 56 17401
41 61 18568
41 66 24127
41 71 31579
41 76 30253
41 81 32899
41 86 36990
41 91 46152
41 96 52038
46 1 66
46 6 252
46 11 728
46 16 1431
46 21 3140
46 26 3724
46 31 4907
46 36 7601
46 41 8786
46 46 12138
46 51 19015
46 56 16445
46 61 24875
46 66 24992
46 71 27836
46 76 36367
46 81 38833
46 86 42153
46 91 54889
46 96 62175
51 1 68
51 6 377
51 11 759
51 16 1540
51 21 2349
51 26 4260
51 31 4917
51 36 7123
51 41 9472
51 46 12291
51 51 15263
51 56 16874
51 61 23837
51 66 25800
51 71 28902
51 76 39820
51 81 40113
51 86 42345
51 91 57220
51 96 55010
56 1 68
56 6 282
56 11 762
56 16 1498
56 21 2788
56 26 3885
56 31 4913
56 36 8463
56 41 11018
56 46 12714
56 51 19158
56 56 17358
56 61 23704
56 66 27607
56 71 29041
56 76 32804
56 81 38622
56 86 42389
56 91 55115
56 96 65652
61 1 80
61 6 282
61 11 986
61 16 1958
61 21 2318
61 26 4066
61 31 5205
61 36 7670
61 41 11748
61 46 12754
61 51 17040
61 56 17082
61 61 23843
61 66 26120
61 71 29006
61 76 33754
61 81 37299
61 86 43393
61 91 59871
61 96 58056
66 1 67
66 6 279
66 11 819
66 16 1508
66 21 2899
66 26 4180
66 31 7181
66 36 7869
66 41 9239
66 46 16177
66 51 15353
66 56 18730
66 61 23451
66 66 27291
66 71 29882
66 76 33461
66 81 40522
66 86 50559
66 91 55345
66 96 58832
71 1 58
71 6 276
71 11 761
71 16 1850
71 21 2368
71 26 3829
71 31 5121
71 36 7534
71 41 10089
71 46 13078
71 51 19482
71 56 17771
71 61 26138
71 66 31375
71 71 31046
71 76 33179
71 81 38797
71 86 40809
71 91 51763
71 96 56827
76 1 101
76 6 278
76 11 1145
76 16 1481
76 21 3044
76 26 3983
76 31 5093
76 36 9815
76 41 9324
76 46 17579
76 51 15322
76 56 19861
76 61 20468
76 66 27106
76 71 30184
76 76 42600
76 81 39679
76 86 45439
76 91 59491
76 96 60660
81 1 56
81 6 275
81 11 759
81 16 1936
81 21 2372
81 26 3908
81 31 5336
81 36 7724
81 41 9389
81 46 13057
81 51 16151
81 56 17714
81 61 20638
81 66 28364
81 71 37367
81 76 35316
81 81 41337
81 86 43965
81 91 61419
81 96 63261
86 1 57
86 6 297
86 11 764
86 16 1450
86 21 2379
86 26 4699
86 31 5190
86 36 10026
86 41 9646
86 46 18142
86 51 16259
86 56 18079
86 61 28694
86 66 27495
86 71 30960
86 76 36143
86 81 46778
86 86 48590
86 91 61410
86 96 69579
91 1 66
91 6 323
91 11 972
91 16 1546
91 21 2411
91 26 3965
91 31 5182
91 36 7535
91 41 9381
91 46 13472
91 51 16262
91 56 19528
91 61 25627
91 66 30549
91 71 33801
91 76 34780
91 81 38557
91 86 45994
91 91 68535
91 96 70185
96 1 68
96 6 280
96 11 777
96 16 1535
96 21 2356
96 26 3831
96 31 5124
96 36 7488
96 41 9704
96 46 13457
96 51 16153
96 56 18486
96 61 22327
96 66 30918
96 71 31199
96 76 35073
96 81 41292
96 86 43225
96 91 56404
96 96 59969
1 1 73
1 6 175
1 11 663
1 16 1298
1 21 1604
1 26 2100
1 31 2730
1 36 4062
1 41 5092
1 46 6999
1 51 10414
1 56 9614
1 61 14006
1 66 14031
1 71 19264
1 76 17165
1 81 20597
1 86 24201
1 91 33001
1 96 37840
6 1 55
6 6 299
6 11 602
6 16 1622
6 21 1651
6 26 2676
6 31 3522
6 36 6843
6 41 6123
6 46 8467
6 51 12966
6 56 11372
6 61 16657
6 66 17261
6 71 18977
6 76 24180
6 81 23114
6 86 25864
6 91 33002
6 96 35426
11 1 57
11 6 243
11 11 731
11 16 1304
11 21 1857
11 26 3936
11 31 4927
11 36 5387
11 41 6567
11 46 10750
11 51 10726
11 56 16264
11 61 13995
11 66 25843
11 71 20781
11 76 24699
11 81 26454
11 86 34139
11 91 39754
11 96 50545
16 1 74
16 6 334
16 11 932
16 16 1349
16 21 2008
16 26 3084
16 31 4907
16 36 7667
16 41 7064
16 46 9958
16 51 14911
16 56 13540
16 61 18181
16 66 20495
16 71 27908
16 76 29157
16 81 31299
16 86 37477
16 91 45726
16 96 46828
21 1 57
21 6 362
21 11 982
21 16 1408
21 21 2072
21 26 3194
21 31 4214
21 36 7242
21 41 7307
21 46 10135
21 51 11928
21 56 14118
21 61 16257
21 66 25667
21 71 24005
21 76 25773
21 81 29008
21 86 31860
21 91 40699
21 96 41772
26 1 70
26 6 281
26 11 806
26 16 1400
26 21 2128
26 26 4302
26 31 4315
26 36 6222
26 41 7519
26 46 13305
26 51 15856
26 56 13912
26 61 17943
26 66 21681
26 71 26085
26 76 33130
26 81 29733
26 86 32939
26 91 44961
26 96 51265
31 1 88
31 6 345
31 11 770
31 16 1403
31 21 2198
31 26 3347
31 31 4770
31 36 6716
31 41 9296
31 46 11396
31 51 13440
31 56 15275
31 61 19886
31 66 25308
31 71 25446
31 76 34943
31 81 32605
31 86 43247
31 91 43733
31 96 47162
36 1 67
36 6 358
36 11 724
36 16 1422
36 21 2358
36 26 3697
36 31 4930
36 36 7337
36 41 9914
36 46 12279
36 51 15030
36 56 15759
36 61 21922
36 66 24287
36 71 30665
36 76 29742
36 81 32570
36 86 36271
36 91 45787
36 96 49625
41 1 67
41 6 290
41 11 755
41 16 1449
41 21 2301
41 26 3659
41 31 4862
41 36 6998
41 41 11468
41 46 12800
41 51 16982
41 56 16171
41 61 19396
41 66 24474
41 71 30190
41 76 31883
41 81 34139
41 86 39352
41 91 56824
41 96 55614
46 1 68
46 6 372
46 11 742
46 16 1453
46 21 2361
46 26 4871
46 31 5628
46 36 7132
46 41 8683
46 46 12874
46 51 14219
46 56 17533
46 61 19962
46 66 24582
46 71 36546
46 76 31173
46 81 33789
46 86 39237
46 91 51888
46 96 70664
51 1 91
51 6 369
51 11 764
51 16 1488
51 21 3157
51 26 3771
51 31 4910
51 36 9550
51 41 8927
51 46 13120
51 51 16452
51 56 17282
51 61 19608
51 66 25969
51 71 28529
51 76 33785
51 81 42598
51 86 41380
51 91 48645
51 96 51818
56 1 74
56 6 267
56 11 741
56 16 1891
56 21 2122
56 26 3842
56 31 6405
56 36 7311
56 41 9147
56 46 14339
56 51 14675
56 56 19737
56 61 20546
56 66 34384
56 71 29008
56 76 33508
56 81 34995
56 86 38296
56 91 49392
56 96 52821
61 1 66
61 6 280
61 11 754
61 16 1929
61 21 2328
61 26 3805
61 31 6469
61 36 7400
61 41 9434
61 46 12758
61 51 15502
61 56 17108
61 61 19939
61 66 32937
61 71 30739
61 76 32005
61 81 35643
61 86 39891
61 91 49917
61 96 54046
66 1 56
66 6 283
66 11 766
66 16 1462
66 21 2445
66 26 4237
66 31 5337
66 36 7428
66 41 10293
66 46 12610
66 51 18671
66 56 18938
66 61 23119
66 66 26630
66 71 29465
66 76 32747
66 81 38956
66 86 42332
66 91 57483
66 96 66001
71 1 67
71 6 279
71 11 753
71 16 1549
71 21 2419
71 26 3808
71 31 6627
71 36 7630
71 41 9340
71 46 12946
71 51 15217
71 56 17938
71 61 21486
71 66 27765
71 71 32103
71 76 41933
71 81 41078
71 86 41322
71 91 57234
71 96 60527
76 1 58
76 6 277
76 11 1043
76 16 1493
76 21 2358
76 26 5127
76 31 5128
76 36 8287
76 41 9343
76 46 12885
76 51 15230
76 56 21708
76 61 21339
76 66 28739
76 71 38354
76 76 40320
76 81 44826
76 86 48952
76 91 61660
76 96 57865
81 1 75
81 6 320
81 11 760
81 16 1909
81 21 2377
81 26 5139
81 31 5315
81 36 7556
81 41 10388
81 46 13389
81 51 18815
81 56 17755
81 61 20722
81 66 27676
81 71 32660
81 76 34627
81 81 42609
81 86 45955
81 91 60722
81 96 61691
86 1 76
86 6 281
86 11 735
86 16 1929
86 21 2393
86 26 5109
86 31 5254
86 36 9890
86 41 9628
86 46 13086
86 51 16457
86 56 18798
86 61 25085
86 66 28010
86 71 32421
86 76 35256
86 81 40480
86 86 44176
86 91 61528
86 96 61850
91 1 57
91 6 282
91 11 761
91 16 1967
91 21 2602
91 26 5354
91 31 5246
91 36 10371
91 41 9414
91 46 14788
91 51 16206
91 56 20219
91 61 25291
91 66 36404
91 71 31113
91 76 35058
91 81 39171
91 86 42598
91 91 54841
91 96 59869
96 1 57
96 6 278
96 11 741
96 16 1509
96 21 2394
96 26 3818
96 31 5122
96 36 7495
96 41 10483
96 46 13392
96 51 16287
96 56 20660
96 61 21587
96 66 27584
96 71 34451
96 76 35301
96 81 41908
96 86 44835
96 91 56282
96 96 60900
