1 1 45
1 51 7397
1 101 21160
1 151 34465
1 201 53534
1 251 86747
1 301 173850
1 351 206727
1 401 280407
1 451 336375
1 501 414917
1 551 582696
1 601 693969
1 651 803346
1 701 929024
1 751 1321725
1 801 1491944
1 851 1676314
1 901 1852871
1 951 2088570
51 1 8338
51 51 7454
51 101 21034
51 151 35710
51 201 78161
51 251 128753
51 301 177447
51 351 212085
51 401 302486
51 451 359521
51 501 434670
51 551 601754
51 601 706273
51 651 843753
51 701 981359
51 751 1384971
51 801 1539061
51 851 1735046
51 901 
51 951 2165254
101 1 32546
101 51 12556
101 101 23083
101 151 64976
101 201 55785
101 251 134294
101 301 
101 351 
