1 1 0.000274
1 6 0.000242
1 11 0.000267
1 16 0.000313
1 21 0.000379
1 26 0.000248
1 31 0.000248
1 36 0.000271
1 41 0.000249
1 46 0.000317
1 51 0.000256
1 56 0.000249
1 61 0.000217
1 66 0.000238
1 71 0.000233
1 76 0.000221
1 81 0.000232
1 86 0.000254
1 91 0.000253
1 96 0.00033
6 1 0.00024
6 6 0.000289
6 11 0.000268
6 16 0.000297
6 21 0.000222
6 26 0.000229
6 31 0.000219
6 36 0.000231
6 41 0.000244
6 46 0.000246
6 51 0.000236
6 56 0.000237
6 61 0.000234
6 66 0.000238
6 71 0.000237
6 76 0.000229
6 81 0.000252
6 86 0.000232
6 91 0.000235
6 96 0.000255
11 1 0.000257
11 6 0.000244
11 11 0.000229
11 16 0.00023
11 21 0.000238
11 26 0.000223
11 31 0.000233
11 36 0.00023
11 41 0.000246
11 46 0.000308
11 51 0.00023
11 56 0.000219
11 61 0.000245
11 66 0.000246
11 71 0.000322
11 76 0.000294
11 81 0.000237
11 86 0.000229
11 91 0.000338
11 96 0.000243
16 1 0.000262
16 6 0.000234
16 11 0.000235
16 16 0.000236
16 21 0.000234
16 26 0.000224
16 31 0.000231
16 36 0.000224
16 41 0.000223
16 46 0.000252
16 51 0.00022
16 56 0.000222
16 61 0.000222
16 66 0.000222
16 71 0.000241
16 76 0.000254
16 81 0.00024
16 86 0.000234
16 91 0.00023
16 96 0.00025
21 1 0.00029
21 6 0.000242
21 11 0.000236
21 16 0.000217
21 21 0.000239
21 26 0.000235
21 31 0.000232
21 36 0.00022
21 41 0.000216
21 46 0.000246
21 51 0.000242
21 56 0.000249
21 61 0.000236
21 66 0.000267
21 71 0.000253
21 76 0.000244
21 81 0.000235
21 86 0.000258
21 91 0.000241
21 96 0.000231
26 1 0.000237
26 6 0.000234
26 11 0.000235
26 16 0.000225
26 21 0.000228
26 26 0.000231
26 31 0.000299
26 36 0.000232
26 41 0.00022
26 46 0.000231
26 51 0.000237
26 56 0.000246
26 61 0.000299
26 66 0.000258
26 71 0.000219
26 76 0.00032
26 81 0.000227
26 86 0.000258
26 91 0.000267
26 96 0.000306
31 1 0.000233
31 6 0.000237
31 11 0.000236
31 16 0.000216
31 21 0.000228
31 26 0.000213
31 31 0.000257
31 36 0.000247
31 41 0.000231
31 46 0.000236
31 51 0.000232
31 56 0.000216
31 61 0.00023
31 66 0.000238
31 71 0.000241
31 76 0.000242
31 81 0.000227
31 86 0.000254
31 91 0.000235
31 96 0.000253
36 1 0.000257
36 6 0.000253
36 11 0.000237
36 16 0.000242
36 21 0.000358
36 26 0.000318
36 31 0.000234
36 36 0.000214
36 41 0.000218
36 46 0.000222
36 51 0.000295
36 56 0.000232
36 61 0.000245
36 66 0.000227
36 71 0.000226
36 76 0.000231
36 81 0.000248
36 86 0.000287
36 91 0.000334
36 96 0.000319
41 1 0.000327
41 6 0.000306
41 11 0.000234
41 16 0.000318
41 21 0.000319
41 26 0.000335
41 31 0.000377
41 36 0.000354
41 41 0.000312
41 46 0.000254
41 51 0.000244
41 56 0.000264
41 61 0.000266
41 66 0.000247
41 71 0.000236
41 76 0.000315
41 81 0.000266
41 86 0.000248
41 91 0.000244
41 96 0.000429
46 1 0.00026
46 6 0.000278
46 11 0.000224
46 16 0.000234
46 21 0.000243
46 26 0.000217
46 31 0.000306
46 36 0.000238
46 41 0.000232
46 46 0.000245
46 51 0.000224
46 56 0.000252
46 61 0.000245
46 66 0.000228
46 71 0.000249
46 76 0.000244
46 81 0.000252
46 86 0.000242
46 91 0.000243
46 96 0.000241
51 1 0.000247
51 6 0.000359
51 11 0.000288
51 16 0.000228
51 21 0.000218
51 26 0.000217
51 31 0.000293
51 36 0.000313
51 41 0.000323
51 46 0.000343
51 51 0.000258
51 56 0.000288
51 61 0.000246
51 66 0.000261
51 71 0.000255
51 76 0.000348
51 81 0.000255
51 86 0.000244
51 91 0.000237
51 96 0.000242
56 1 0.000241
56 6 0.000248
56 11 0.000233
56 16 0.000287
56 21 0.000242
56 26 0.00027
56 31 0.000217
56 36 0.000235
56 41 0.000246
56 46 0.000274
56 51 0.00028
56 56 0.000288
56 61 0.0003
56 66 0.000334
56 71 0.000294
56 76 0.000322
56 81 0.000278
56 86 0.000281
56 91 0.000237
56 96 0.000282
61 1 0.000332
61 6 0.000309
61 11 0.000266
61 16 0.000282
61 21 0.000291
61 26 0.000296
61 31 0.000271
61 36 0.000277
61 41 0.000294
61 46 0.000338
61 51 0.000283
61 56 0.000342
61 61 0.000302
61 66 0.000299
61 71 0.000266
61 76 0.000319
61 81 0.000304
61 86 0.000308
61 91 0.000289
61 96 0.000312
66 1 0.000274
66 6 0.000305
66 11 0.000273
66 16 0.000246
66 21 0.000309
66 26 0.000264
66 31 0.00024
66 36 0.000271
66 41 0.000262
66 46 0.000299
66 51 0.000301
66 56 0.000305
66 61 0.000277
66 66 0.000281
66 71 0.000281
66 76 0.000407
66 81 0.000262
66 86 0.000323
66 91 0.000308
66 96 0.000255
71 1 0.000307
71 6 0.000359
71 11 0.000261
71 16 0.000317
71 21 0.000299
71 26 0.000288
71 31 0.000247
71 36 0.000269
71 41 0.000303
71 46 0.0003
71 51 0.000287
71 56 0.000294
71 61 0.000262
71 66 0.000289
71 71 0.000283
71 76 0.000303
71 81 0.000284
71 86 0.000297
71 91 0.000359
71 96 0.000272
76 1 0.000276
76 6 0.00028
76 11 0.000248
76 16 0.000238
76 21 0.000278
76 26 0.00029
76 31 0.000289
76 36 0.000296
76 41 0.000299
76 46 0.000308
76 51 0.000306
76 56 0.000289
76 61 0.000278
76 66 0.00028
76 71 0.000346
76 76 0.000294
76 81 0.000346
76 86 0.000237
76 91 0.00033
76 96 0.00032
81 1 0.000309
81 6 0.000248
81 11 0.000259
81 16 0.00028
81 21 0.000299
81 26 0.000314
81 31 0.000327
81 36 0.000332
81 41 0.00031
81 46 0.000333
81 51 0.000243
81 56 0.00032
81 61 0.000295
81 66 0.000286
81 71 0.000326
81 76 0.000299
81 81 0.000374
81 86 0.000258
81 91 0.000275
81 96 0.000265
86 1 0.00034
86 6 0.000273
86 11 0.00024
86 16 0.000251
86 21 0.00031
86 26 0.000388
86 31 0.00024
86 36 0.000254
86 41 0.000295
86 46 0.000282
86 51 0.000263
86 56 0.000267
86 61 0.000319
86 66 0.00036
86 71 0.000298
86 76 0.00028
86 81 0.000266
86 86 0.000264
86 91 0.000273
86 96 0.00026
91 1 0.000258
91 6 0.000273
91 11 0.000291
91 16 0.000295
91 21 0.000284
91 26 0.000276
91 31 0.000272
91 36 0.000262
91 41 0.000268
91 46 0.000281
91 51 0.00028
91 56 0.000281
91 61 0.00028
91 66 0.000304
91 71 0.000267
91 76 0.00024
91 81 0.000298
91 86 0.000253
91 91 0.000357
91 96 0.000254
96 1 0.000262
96 6 0.000302
96 11 0.000238
96 16 0.000294
96 21 0.00029
96 26 0.000289
96 31 0.000237
96 36 0.000234
96 41 0.000287
96 46 0.000281
96 51 0.000299
96 56 0.00035
96 61 0.000269
96 66 0.000311
96 71 0.000301
96 76 0.000244
96 81 0.000288
96 86 0.000333
96 91 0.000312
96 96 0.000252
1 1 0.000378
1 6 0.000294
1 11 0.000301
1 16 0.000282
1 21 0.000261
1 26 0.000263
1 31 0.00027
1 36 0.000258
1 41 0.00033
1 46 0.000329
1 51 0.000294
1 56 0.000334
1 61 0.00029
1 66 0.000255
1 71 0.00026
1 76 0.000313
1 81 0.00033
1 86 0.000318
1 91 0.000278
1 96 0.00026
6 1 0.000332
6 6 0.000302
6 11 0.000277
6 16 0.000268
6 21 0.00026
6 26 0.000273
6 31 0.000294
6 36 0.000346
6 41 0.000279
6 46 0.000358
6 51 0.000289
6 56 0.000279
6 61 0.000349
6 66 0.000384
6 71 0.000316
6 76 0.000321
6 81 0.000245
6 86 0.000319
6 91 0.000269
6 96 0.000268
11 1 0.000343
11 6 0.000356
11 11 0.000221
11 16 0.000302
11 21 0.000292
11 26 0.000425
11 31 0.000326
11 36 0.000294
11 41 0.000325
11 46 0.000234
11 51 0.000295
11 56 0.000323
11 61 0.000267
11 66 0.000248
11 71 0.000263
11 76 0.000249
11 81 0.000243
11 86 0.000324
11 91 0.000251
11 96 0.000263
16 1 0.000308
16 6 0.000278
16 11 0.000261
16 16 0.000269
16 21 0.000465
16 26 0.000249
16 31 0.000346
16 36 0.000311
16 41 0.000268
16 46 0.000331
16 51 0.000349
16 56 0.000255
16 61 0.000286
16 66 0.000349
16 71 0.000248
16 76 0.000348
16 81 0.000265
16 86 0.000304
16 91 0.000315
16 96 0.000388
21 1 0.000333
21 6 0.000286
21 11 0.00029
21 16 0.000272
21 21 0.000286
21 26 0.000283
21 31 0.000335
21 36 0.00027
21 41 0.000289
21 46 0.000273
21 51 0.000409
21 56 0.000287
21 61 0.000293
21 66 0.000399
21 71 0.000306
21 76 0.000273
21 81 0.0003
21 86 0.000292
21 91 0.000376
21 96 0.000265
26 1 0.00034
26 6 0.000336
26 11 0.000279
26 16 0.000264
26 21 0.000256
26 26 0.000262
26 31 0.000255
26 36 0.000266
26 41 0.000247
26 46 0.000244
26 51 0.000268
26 56 0.000314
26 61 0.000337
26 66 0.000248
26 71 0.00026
26 76 0.00035
26 81 0.000259
26 86 0.000363
26 91 0.00024
26 96 0.000259
31 1 0.000305
31 6 0.00031
31 11 0.000287
31 16 0.000379
31 21 0.000262
31 26 0.000316
31 31 0.00029
31 36 0.000387
31 41 0.000258
31 46 0.000321
31 51 0.000279
31 56 0.00028
31 61 0.000351
31 66 0.000291
31 71 0.000349
31 76 0.000276
31 81 0.000255
31 86 0.000282
31 91 0.00026
31 96 0.000311
36 1 0.000303
36 6 0.000315
36 11 0.000369
36 16 0.000242
36 21 0.000269
36 26 0.000296
36 31 0.000301
36 36 0.000267
36 41 0.000265
36 46 0.000354
36 51 0.000445
36 56 0.00039
36 61 0.000353
36 66 0.000371
36 71 0.000257
36 76 0.000381
36 81 0.000353
36 86 0.000398
36 91 0.000336
36 96 0.000314
41 1 0.000365
41 6 0.000316
41 11 0.000379
41 16 0.000264
41 21 0.000273
41 26 0.000294
41 31 0.000284
41 36 0.000453
41 41 0.000308
41 46 0.000265
41 51 0.000211
41 56 0.00021
41 61 0.00027
41 66 0.000291
41 71 0.000344
41 76 0.000329
41 81 0.000312
41 86 0.000319
41 91 0.000308
41 96 0.000309
46 1 0.000356
46 6 0.000367
46 11 0.000325
46 16 0.000318
46 21 0.000333
46 26 0.00034
46 31 0.000351
46 36 0.000333
46 41 0.00046
46 46 0.000341
46 51 0.000339
46 56 0.000388
46 61 0.000325
46 66 0.000414
46 71 0.000362
46 76 0.000442
46 81 0.000396
46 86 0.000335
46 91 0.000337
46 96 0.00098
51 1 0.000391
51 6 0.000329
51 11 0.00035
51 16 0.000327
51 21 0.000351
51 26 0.00039
51 31 0.000369
51 36 0.000349
51 41 0.00034
51 46 0.000365
51 51 0.00035
51 56 0.000326
51 61 0.000422
51 66 0.000323
51 71 0.000331
51 76 0.000325
51 81 0.000392
51 86 0.000334
51 91 0.000326
51 96 0.000382
56 1 0.00033
56 6 0.000339
56 11 0.000247
56 16 0.000345
56 21 0.000329
56 26 0.000314
56 31 0.00034
56 36 0.000379
56 41 0.000412
56 46 0.000385
56 51 0.000345
56 56 0.000825
56 61 0.000348
56 66 0.000291
56 71 0.000355
56 76 0.000392
56 81 0.000333
56 86 0.000421
56 91 0.000712
56 96 0.000345
61 1 0.000308
61 6 0.00045
61 11 0.000291
61 16 0.000688
61 21 0.000341
61 26 0.000424
61 31 0.000313
61 36 0.000353
61 41 0.000328
61 46 0.000322
61 51 0.000344
61 56 0.000357
61 61 0.000374
61 66 0.000405
61 71 0.000324
61 76 0.000393
61 81 0.000427
61 86 0.00032
61 91 0.000269
61 96 0.000343
66 1 0.000341
66 6 0.000326
66 11 0.000431
66 16 0.000322
66 21 0.000269
66 26 0.00033
66 31 0.000327
66 36 0.00035
66 41 0.000399
66 46 0.00031
66 51 0.000326
66 56 0.000415
66 61 0.000388
66 66 0.000309
66 71 0.000329
66 76 0.000354
66 81 0.000335
66 86 0.000242
66 91 0.000318
66 96 0.000369
71 1 0.000301
71 6 0.00023
71 11 0.000334
71 16 0.000331
71 21 0.000382
71 26 0.000305
71 31 0.000349
71 36 0.000358
71 41 0.000324
71 46 0.000334
71 51 0.000417
71 56 0.000283
71 61 0.000323
71 66 0.000329
71 71 0.000329
71 76 0.000373
71 81 0.000326
71 86 0.000335
71 91 0.000322
71 96 0.000351
76 1 0.000301
76 6 0.000334
76 11 0.000151
76 16 0.000141
76 21 0.000359
76 26 0.000325
76 31 0.000352
76 36 0.000355
76 41 0.000323
76 46 0.000339
76 51 0.000347
76 56 0.000375
76 61 0.00035
76 66 0.000424
76 71 0.000399
76 76 0.000349
76 81 0.000544
76 86 0.000346
76 91 0.00033
76 96 0.000396
81 1 0.000314
81 6 0.000345
81 11 0.000345
81 16 0.000355
81 21 0.000345
81 26 0.000292
81 31 0.00032
81 36 0.000337
81 41 0.000464
81 46 0.000333
81 51 0.000387
81 56 0.000385
81 61 0.000267
81 66 0.000399
81 71 0.000544
81 76 0.000471
81 81 0.000354
81 86 0.000276
81 91 0.000462
81 96 0.000589
86 1 0.000333
86 6 0.000393
86 11 0.000273
86 16 0.000369
86 21 0.00033
86 26 0.000394
86 31 0.000383
86 36 0.000388
86 41 0.000434
86 46 0.000457
86 51 0.000317
86 56 0.000366
86 61 0.000275
86 66 0.000326
86 71 0.000317
86 76 0.000734
86 81 0.00042
86 86 0.000401
86 91 0.000366
86 96 0.000975
91 1 0.000448
91 6 0.000274
91 11 0.000342
91 16 0.000351
91 21 0.000328
91 26 0.000392
91 31 0.000549
91 36 0.000395
91 41 0.000329
91 46 0.000601
91 51 0.000685
91 56 0.000398
91 61 0.000453
91 66 0.000349
91 71 0.000404
91 76 0.000299
91 81 0.000487
91 86 0.000336
91 91 0.000667
91 96 0.000745
96 1 0.000335
96 6 0.00032
96 11 0.000336
96 16 0.000469
96 21 0.000652
96 26 0.00088
96 31 0.000328
96 36 0.000367
96 41 0.000544
96 46 0.00043
96 51 0.000462
96 56 0.000326
96 61 0.000551
96 66 0.000487
96 71 0.0004
96 76 0.00033
96 81 0.000326
96 86 0.000332
96 91 0.000336
96 96 0.000331
1 1 0.000275
1 6 0.000512
1 11 0.000423
1 16 0.00031
1 21 0.000277
1 26 0.000248
1 31 0.000241
1 36 0.000319
1 41 0.000291
1 46 0.000244
1 51 0.000326
1 56 0.000365
1 61 0.00025
1 66 0.000248
1 71 0.000326
1 76 0.000302
1 81 0.000263
1 86 0.000357
1 91 0.000301
1 96 0.000371
6 1 0.000278
6 6 0.000281
6 11 0.000254
6 16 0.000263
6 21 0.000309
6 26 0.000363
6 31 0.000284
6 36 0.000295
6 41 0.000345
6 46 0.000264
6 51 0.000235
6 56 0.000269
6 61 0.000252
6 66 0.000315
6 71 0.000307
6 76 0.000258
6 81 0.000257
6 86 0.000341
6 91 0.000232
6 96 0.000331
11 1 0.000273
11 6 0.000258
11 11 0.000244
11 16 0.000251
11 21 0.000302
11 26 0.000322
11 31 0.00031
11 36 0.000313
11 41 0.000273
11 46 0.000245
11 51 0.000344
11 56 0.000282
11 61 0.000277
11 66 0.000314
11 71 0.000265
11 76 0.000299
11 81 0.000257
11 86 0.000345
11 91 0.000289
11 96 0.000252
16 1 0.000287
16 6 0.000392
16 11 0.000275
16 16 0.000247
16 21 0.000261
16 26 0.000244
16 31 0.00028
16 36 0.000242
16 41 0.000273
16 46 0.000291
16 51 0.000281
16 56 0.000296
16 61 0.000281
16 66 0.000264
16 71 0.000291
16 76 0.000285
16 81 0.000274
16 86 0.000243
16 91 0.000228
16 96 0.000306
21 1 0.000275
21 6 0.000266
21 11 0.00026
21 16 0.000262
21 21 0.000264
21 26 0.000239
21 31 0.000234
21 36 0.000258
21 41 0.000236
21 46 0.000316
21 51 0.000359
21 56 0.00027
21 61 0.00032
21 66 0.000251
21 71 0.000234
21 76 0.000262
21 81 0.000235
21 86 0.000275
21 91 0.000331
21 96 0.00032
26 1 0.0003
26 6 0.000258
26 11 0.000283
26 16 0.000268
26 21 0.000292
26 26 0.000295
26 31 0.000239
26 36 0.000238
26 41 0.000248
26 46 0.000322
26 51 0.000285
26 56 0.000334
26 61 0.000331
26 66 0.000348
26 71 0.000398
26 76 0.000359
26 81 0.000262
26 86 0.000275
26 91 0.000283
26 96 0.000282
31 1 0.000275
31 6 0.000249
31 11 0.000354
31 16 0.000331
31 21 0.000303
31 26 0.000297
31 31 0.000248
31 36 0.000265
31 41 0.000307
31 46 0.000308
31 51 0.000326
31 56 0.000312
31 61 0.000279
31 66 0.00024
31 71 0.000285
31 76 0.000324
31 81 0.00026
31 86 0.000265
31 91 0.000261
31 96 0.000273
36 1 0.000373
36 6 0.000246
36 11 0.000226
36 16 0.000258
36 21 0.000283
36 26 0.00028
36 31 0.000265
36 36 0.000298
36 41 0.000317
36 46 0.000272
36 51 0.000274
36 56 0.000272
36 61 0.000297
36 66 0.000277
36 71 0.000256
36 76 0.000266
36 81 0.00026
36 86 0.000252
36 91 0.000278
36 96 0.000315
41 1 0.00026
41 6 0.00025
41 11 0.000285
41 16 0.000291
41 21 0.000286
41 26 0.000306
41 31 0.000238
41 36 0.00032
41 41 0.00025
41 46 0.000256
41 51 0.000276
41 56 0.000303
41 61 0.000264
41 66 0.000282
41 71 0.000256
41 76 0.000363
41 81 0.000338
41 86 0.000249
41 91 0.000278
41 96 0.000244
46 1 0.000304
46 6 0.000264
46 11 0.00028
46 16 0.00028
46 21 0.000257
46 26 0.000286
46 31 0.000356
46 36 0.000322
46 41 0.000279
46 46 0.000381
46 51 0.000344
46 56 0.000345
46 61 0.000374
46 66 0.000242
46 71 0.000296
46 76 0.000264
46 81 0.000289
46 86 0.000252
46 91 0.000234
46 96 0.000265
51 1 0.000232
51 6 0.000271
51 11 0.0003
51 16 0.000249
51 21 0.000255
51 26 0.000299
51 31 0.000277
51 36 0.000298
51 41 0.000268
51 46 0.000279
51 51 0.000244
51 56 0.00029
51 61 0.000308
51 66 0.000272
51 71 0.000295
51 76 0.000258
51 81 0.000284
51 86 0.000306
51 91 0.000339
51 96 0.000248
56 1 0.000272
56 6 0.000265
56 11 0.000426
56 16 0.000248
56 21 0.000248
56 26 0.000261
56 31 0.000265
56 36 0.000275
56 41 0.000253
56 46 0.000291
56 51 0.000301
56 56 0.000291
56 61 0.000288
56 66 0.000315
56 71 0.000265
56 76 0.00027
56 81 0.000364
56 86 0.00029
56 91 0.000238
56 96 0.000246
61 1 0.000283
61 6 0.000248
61 11 0.000256
61 16 0.000269
61 21 0.000268
61 26 0.000292
61 31 0.00032
61 36 0.000307
61 41 0.000244
61 46 0.000247
61 51 0.000264
61 56 0.000284
61 61 0.000245
61 66 0.000344
61 71 0.000275
61 76 0.000315
61 81 0.000355
61 86 0.000233
61 91 0.000245
61 96 0.000258
66 1 0.000251
66 6 0.000261
66 11 0.000255
66 16 0.000239
66 21 0.000285
66 26 0.000295
66 31 0.000241
66 36 0.000258
66 41 0.000281
66 46 0.000271
66 51 0.000397
66 56 0.000307
66 61 0.000256
66 66 0.000238
66 71 0.000262
66 76 0.000257
66 81 0.000247
66 86 0.000241
66 91 0.000289
66 96 0.000235
71 1 0.00027
71 6 0.000283
71 11 0.000247
71 16 0.000262
71 21 0.000282
71 26 0.000256
71 31 0.000287
71 36 0.000295
71 41 0.000338
71 46 0.000408
71 51 0.000368
71 56 0.000253
71 61 0.000239
71 66 0.000374
71 71 0.000304
71 76 0.000285
71 81 0.000285
71 86 0.000248
71 91 0.000251
71 96 0.000261
76 1 0.000314
76 6 0.000244
76 11 0.00032
76 16 0.000272
76 21 0.000286
76 26 0.000301
76 31 0.0003
76 36 0.00028
76 41 0.000289
76 46 0.00025
76 51 0.000286
76 56 0.000289
76 61 0.000232
76 66 0.000339
76 71 0.000276
76 76 0.00026
76 81 0.000263
76 86 0.000264
76 91 0.000247
76 96 0.000264
81 1 0.000267
81 6 0.000309
81 11 0.000243
81 16 0.000369
81 21 0.000248
81 26 0.000247
81 31 0.000273
81 36 0.000286
81 41 0.000363
81 46 0.000317
81 51 0.000241
81 56 0.000293
81 61 0.000259
81 66 0.000336
81 71 0.000327
81 76 0.000343
81 81 0.000245
81 86 0.000265
81 91 0.000299
81 96 0.00027
86 1 0.000249
86 6 0.000343
86 11 0.000256
86 16 0.000326
86 21 0.000284
86 26 0.000337
86 31 0.000298
86 36 0.000275
86 41 0.000294
86 46 0.000311
86 51 0.000275
86 56 0.000282
86 61 0.000281
86 66 0.000327
86 71 0.000316
86 76 0.000269
86 81 0.000334
86 86 0.000236
86 91 0.0003
86 96 0.000272
91 1 0.000271
91 6 0.000244
91 11 0.000239
91 16 0.00026
91 21 0.000264
91 26 0.000302
91 31 0.000369
91 36 0.000276
91 41 0.000343
91 46 0.000247
91 51 0.000417
91 56 0.000362
91 61 0.000303
91 66 0.00027
91 71 0.000323
91 76 0.000285
91 81 0.000267
91 86 0.000256
91 91 0.000307
91 96 0.000295
96 1 0.000329
96 6 0.00031
96 11 0.000248
96 16 0.000251
96 21 0.000247
96 26 0.000232
96 31 0.000253
96 36 0.000305
96 41 0.000279
96 46 0.000297
96 51 0.00028
96 56 0.000272
96 61 0.000262
96 66 0.000227
96 71 0.000289
96 76 0.000246
96 81 0.000271
96 86 0.000317
96 91 0.000319
96 96 0.000248
1 1 0.00031
1 6 0.000321
1 11 0.000304
1 16 0.000236
1 21 0.000235
1 26 0.000224
1 31 0.000304
1 36 0.000291
1 41 0.000259
1 46 0.000311
1 51 0.00029
1 56 0.000275
1 61 0.000263
1 66 0.000303
1 71 0.000328
1 76 0.000274
1 81 0.000277
1 86 0.000265
1 91 0.00028
1 96 0.000261
6 1 0.000249
6 6 0.000296
6 11 0.000271
6 16 0.000295
6 21 0.000268
6 26 0.000371
6 31 0.000338
6 36 0.0003
6 41 0.000286
6 46 0.000253
6 51 0.000279
6 56 0.000287
6 61 0.000256
6 66 0.00034
6 71 0.000292
6 76 0.000289
6 81 0.000291
6 86 0.000267
6 91 0.00029
6 96 0.00024
11 1 0.000271
11 6 0.000286
11 11 0.000246
11 16 0.000283
11 21 0.000263
11 26 0.000262
11 31 0.00025
11 36 0.000282
11 41 0.000271
11 46 0.000285
11 51 0.000288
11 56 0.00028
11 61 0.000226
11 66 0.000362
11 71 0.000276
11 76 0.000301
11 81 0.000242
11 86 0.000292
11 91 0.000236
11 96 0.00026
16 1 0.000308
16 6 0.000352
16 11 0.000258
16 16 0.000302
16 21 0.000262
16 26 0.000239
16 31 0.000292
16 36 0.000284
16 41 0.000302
16 46 0.000349
16 51 0.000313
16 56 0.000261
16 61 0.000288
16 66 0.000248
16 71 0.000409
16 76 0.000256
16 81 0.000353
16 86 0.00026
16 91 0.000272
16 96 0.000279
21 1 0.000341
21 6 0.00029
21 11 0.000261
21 16 0.000261
21 21 0.000387
21 26 0.0003
21 31 0.000244
21 36 0.000244
21 41 0.000257
21 46 0.000262
21 51 0.000317
21 56 0.000242
21 61 0.000262
21 66 0.000244
21 71 0.000302
21 76 0.000239
21 81 0.00024
21 86 0.000311
21 91 0.000314
21 96 0.000264
26 1 0.000359
26 6 0.000285
26 11 0.000287
26 16 0.000256
26 21 0.00028
26 26 0.000266
26 31 0.000281
26 36 0.000326
26 41 0.000259
26 46 0.000251
26 51 0.000325
26 56 0.000276
26 61 0.000268
26 66 0.000244
26 71 0.000253
26 76 0.000235
26 81 0.00029
26 86 0.000257
26 91 0.000266
26 96 0.000257
31 1 0.000329
31 6 0.000303
31 11 0.000272
31 16 0.000266
31 21 0.000256
31 26 0.000251
31 31 0.000288
31 36 0.000298
31 41 0.000248
31 46 0.000315
31 51 0.000395
31 56 0.000307
31 61 0.000243
31 66 0.000251
31 71 0.000313
31 76 0.00031
31 81 0.00027
31 86 0.000301
31 91 0.000302
31 96 0.000324
36 1 0.000346
36 6 0.000371
36 11 0.000254
36 16 0.000271
36 21 0.000276
36 26 0.000266
36 31 0.000304
36 36 0.000289
36 41 0.000277
36 46 0.000266
36 51 0.000268
36 56 0.000253
36 61 0.000278
36 66 0.000272
36 71 0.000252
36 76 0.000281
36 81 0.000294
36 86 0.000245
36 91 0.00029
36 96 0.000273
41 1 0.000284
41 6 0.00031
41 11 0.000331
41 16 0.000242
41 21 0.000267
41 26 0.000262
41 31 0.000289
41 36 0.000278
41 41 0.000269
41 46 0.000286
41 51 0.000405
41 56 0.000272
41 61 0.000251
41 66 0.000262
41 71 0.000316
41 76 0.000248
41 81 0.000373
41 86 0.000318
41 91 0.000257
41 96 0.000285
46 1 0.00035
46 6 0.00026
46 11 0.000279
46 16 0.000307
46 21 0.000321
46 26 0.000353
46 31 0.000242
46 36 0.000275
46 41 0.000434
46 46 0.00031
46 51 0.000249
46 56 0.000276
46 61 0.000246
46 66 0.00026
46 71 0.000296
46 76 0.000242
46 81 0.000253
46 86 0.000247
46 91 0.000258
46 96 0.000298
51 1 0.000301
51 6 0.000303
51 11 0.000242
51 16 0.000297
51 21 0.000277
51 26 0.000264
51 31 0.00031
51 36 0.000329
51 41 0.000268
51 46 0.000293
51 51 0.000274
51 56 0.000257
51 61 0.000241
51 66 0.000341
51 71 0.000295
51 76 0.000294
51 81 0.000263
51 86 0.000266
51 91 0.000289
51 96 0.000277
56 1 0.000264
56 6 0.000279
56 11 0.000249
56 16 0.000307
56 21 0.000238
56 26 0.000287
56 31 0.000268
56 36 0.000307
56 41 0.000282
56 46 0.00029
56 51 0.000351
56 56 0.000272
56 61 0.00026
56 66 0.000269
56 71 0.000358
56 76 0.000311
56 81 0.000275
56 86 0.000289
56 91 0.000423
56 96 0.000244
61 1 0.000252
61 6 0.000245
61 11 0.000249
61 16 0.000313
61 21 0.000231
61 26 0.00025
61 31 0.000375
61 36 0.000284
61 41 0.000244
61 46 0.000344
61 51 0.000313
61 56 0.000318
61 61 0.000358
61 66 0.000241
61 71 0.000315
61 76 0.000248
61 81 0.000357
61 86 0.000369
61 91 0.000257
61 96 0.000235
66 1 0.000331
66 6 0.000244
66 11 0.000249
66 16 0.00027
66 21 0.000305
66 26 0.000295
66 31 0.000278
66 36 0.000252
66 41 0.000306
66 46 0.000274
66 51 0.000341
66 56 0.000251
66 61 0.00027
66 66 0.000306
66 71 0.000267
66 76 0.000284
66 81 0.000341
66 86 0.000273
66 91 0.000257
66 96 0.000266
71 1 0.000304
71 6 0.000277
71 11 0.000284
71 16 0.000298
71 21 0.000267
71 26 0.000301
71 31 0.000338
71 36 0.000329
71 41 0.000283
71 46 0.000329
71 51 0.000239
71 56 0.000327
71 61 0.000323
71 66 0.000256
71 71 0.000379
71 76 0.000261
71 81 0.000263
71 86 0.000373
71 91 0.00033
71 96 0.000255
76 1 0.000301
76 6 0.000277
76 11 0.000284
76 16 0.000316
76 21 0.000319
76 26 0.00031
76 31 0.000358
76 36 0.000309
76 41 0.000287
76 46 0.000288
76 51 0.000309
76 56 0.000334
76 61 0.000332
76 66 0.000273
76 71 0.000251
76 76 0.000296
76 81 0.000395
76 86 0.000274
76 91 0.000309
76 96 0.000275
81 1 0.00025
81 6 0.000328
81 11 0.000289
81 16 0.000364
81 21 0.000336
81 26 0.000252
81 31 0.000291
81 36 0.000243
81 41 0.000247
81 46 0.000296
81 51 0.000244
81 56 0.000348
81 61 0.000282
81 66 0.000249
81 71 0.000315
81 76 0.00033
81 81 0.000254
81 86 0.00025
81 91 0.000294
81 96 0.000271
86 1 0.000244
86 6 0.000263
86 11 0.000244
86 16 0.000295
86 21 0.000265
86 26 0.000273
86 31 0.000341
86 36 0.000377
86 41 0.000276
86 46 0.000304
86 51 0.000251
86 56 0.00032
86 61 0.000265
86 66 0.000317
86 71 0.000296
86 76 0.000247
86 81 0.000259
86 86 0.000271
86 91 0.000306
86 96 0.000314
91 1 0.00025
91 6 0.000302
91 11 0.000263
91 16 0.000278
91 21 0.000248
91 26 0.000313
91 31 0.000235
91 36 0.000271
91 41 0.000264
91 46 0.000257
91 51 0.000268
91 56 0.000265
91 61 0.000303
91 66 0.000232
91 71 0.00031
91 76 0.000298
91 81 0.000254
91 86 0.000312
91 91 0.000269
91 96 0.000248
96 1 0.000314
96 6 0.000248
96 11 0.000275
96 16 0.000291
96 21 0.000237
96 26 0.000263
96 31 0.000244
96 36 0.000275
96 41 0.000285
96 46 0.000275
96 51 0.000364
96 56 0.000334
96 61 0.000261
96 66 0.000259
96 71 0.000318
96 76 0.000255
96 81 0.000263
96 86 0.000303
96 91 0.000253
96 96 0.000282
1 1 0.000274
1 6 0.00039
1 11 0.000419
1 16 0.000326
1 21 0.000261
1 26 0.000322
1 31 0.000281
1 36 0.000258
1 41 0.000262
1 46 0.000269
1 51 0.000301
1 56 0.000324
1 61 0.000336
1 66 0.000274
1 71 0.00032
1 76 0.000309
1 81 0.000305
1 86 0.000268
1 91 0.000317
1 96 0.000314
6 1 0.000284
6 6 0.000254
6 11 0.000282
6 16 0.000397
6 21 0.000291
6 26 0.000282
6 31 0.000305
6 36 0.000262
6 41 0.000268
6 46 0.00025
6 51 0.00032
6 56 0.000266
6 61 0.000345
6 66 0.000419
6 71 0.000253
6 76 0.000255
6 81 0.000246
6 86 0.00024
6 91 0.000333
6 96 0.000303
11 1 0.000278
11 6 0.000258
11 11 0.000375
11 16 0.000335
11 21 0.000284
11 26 0.000321
11 31 0.000327
11 36 0.000322
11 41 0.000275
11 46 0.000269
11 51 0.0003
11 56 0.0003
11 61 0.000295
11 66 0.000307
11 71 0.000308
11 76 0.000306
11 81 0.000291
11 86 0.000347
11 91 0.000279
11 96 0.000202
16 1 0.000296
16 6 0.000284
16 11 0.000275
16 16 0.000289
16 21 0.000299
16 26 0.000239
16 31 7.3e-05
16 36 0.00013
16 41 0.000128
16 46 0.000211
16 51 0.000307
16 56 0.00026
16 61 0.000242
16 66 0.000309
16 71 0.000302
16 76 0.000261
16 81 0.000265
16 86 0.000266
16 91 0.000314
16 96 0.000239
21 1 0.000305
21 6 0.000297
21 11 0.000283
21 16 0.000293
21 21 0.000278
21 26 0.000301
21 31 0.000253
21 36 0.000289
21 41 0.000307
21 46 0.000318
21 51 0.000829
21 56 0.000304
21 61 0.000382
21 66 0.00035
21 71 0.000435
21 76 0.000281
21 81 0.000345
21 86 0.000269
21 91 0.000341
21 96 0.000317
26 1 0.000408
26 6 0.000429
26 11 0.000388
26 16 0.000298
26 21 0.000346
26 26 0.00028
26 31 0.000328
26 36 0.000325
26 41 0.000323
26 46 0.000286
26 51 0.000199
26 56 8.2e-05
26 61 8.6e-05
26 66 0.000217
26 71 0.000288
26 76 0.000324
26 81 0.000363
26 86 0.000271
26 91 0.000284
26 96 0.000482
31 1 0.000408
31 6 0.000426
31 11 0.000302
31 16 0.000322
31 21 0.000333
31 26 0.000358
31 31 0.000353
31 36 0.000508
31 41 0.000376
31 46 0.000314
31 51 0.000337
31 56 0.000437
31 61 0.000365
31 66 0.000343
31 71 0.000347
31 76 0.000356
31 81 0.000354
31 86 0.000166
31 91 0.000185
31 96 0.000383
36 1 0.000343
36 6 0.000322
36 11 0.000454
36 16 0.000346
36 21 0.000458
36 26 0.000321
36 31 0.00033
36 36 0.000431
36 41 0.000332
36 46 0.000334
36 51 0.00041
36 56 0.000445
36 61 0.000341
36 66 0.000268
36 71 0.000426
36 76 0.000321
36 81 0.000373
36 86 0.000439
36 91 0.00025
36 96 0.000373
41 1 0.000344
41 6 0.000369
41 11 0.000319
41 16 0.000292
41 21 0.000337
41 26 0.00035
41 31 0.00031
41 36 0.000384
41 41 0.000304
41 46 0.000303
41 51 0.000299
41 56 0.000472
41 61 0.000357
41 66 0.000461
41 71 0.000433
41 76 0.0004
41 81 0.000351
41 86 0.000275
41 91 0.000406
41 96 0.000298
46 1 0.000365
46 6 0.000301
46 11 0.00039
46 16 0.000283
46 21 0.000434
46 26 0.000336
46 31 0.000335
46 36 0.000376
46 41 0.00025
46 46 0.000271
46 51 0.000407
46 56 0.00035
46 61 0.000363
46 66 0.000413
46 71 0.000305
46 76 0.000333
46 81 0.000308
46 86 0.00037
46 91 0.000304
46 96 0.000356
51 1 0.00032
51 6 0.000325
51 11 0.000684
51 16 0.000356
51 21 0.000335
51 26 0.000335
51 31 0.000358
51 36 0.000303
51 41 0.000479
51 46 0.00043
51 51 0.000329
51 56 0.000343
51 61 0.000282
51 66 0.00027
51 71 0.00035
51 76 0.000315
51 81 0.000304
51 86 0.000352
51 91 0.000395
51 96 0.000316
56 1 0.000391
56 6 0.000263
56 11 0.0003
56 16 0.000419
56 21 0.000406
56 26 0.000344
56 31 0.000447
56 36 0.000414
56 41 0.000371
56 46 0.000334
56 51 0.000329
56 56 0.000411
56 61 0.00032
56 66 0.000443
56 71 0.000355
56 76 0.000334
56 81 0.000353
56 86 0.000335
56 91 0.000326
56 96 0.000351
61 1 0.000349
61 6 0.000427
61 11 0.000343
61 16 0.000375
61 21 0.000345
61 26 0.000333
61 31 0.000313
61 36 0.00039
61 41 0.00048
61 46 0.000469
61 51 0.000296
61 56 0.000468
61 61 0.00032
61 66 0.000332
61 71 0.000337
61 76 0.000334
61 81 0.000275
61 86 0.000383
61 91 0.000389
61 96 0.000286
66 1 0.000306
66 6 0.000356
66 11 0.00035
66 16 0.000389
66 21 0.000399
66 26 0.000361
66 31 0.000408
66 36 0.000333
66 41 0.000299
66 46 0.000323
66 51 0.000399
66 56 0.000299
66 61 0.00033
66 66 0.000408
66 71 0.000277
66 76 0.000338
66 81 0.000325
66 86 0.000123
66 91 0.00024
66 96 0.000186
71 1 0.000314
71 6 0.000322
71 11 0.000309
71 16 0.000386
71 21 0.000337
71 26 0.000357
71 31 0.000367
71 36 0.00033
71 41 0.000359
71 46 0.00034
71 51 0.000309
71 56 0.000329
71 61 0.000319
71 66 0.00034
71 71 0.000264
71 76 0.000288
71 81 0.000405
71 86 0.000276
71 91 0.000449
71 96 0.000334
76 1 0.000318
76 6 0.000342
76 11 0.000304
76 16 0.000361
76 21 0.000293
76 26 0.000396
76 31 0.000276
76 36 0.000321
76 41 0.000343
76 46 0.000255
76 51 0.000253
76 56 0.000284
76 61 0.000384
76 66 0.000315
76 71 0.000307
76 76 0.00034
76 81 0.000267
76 86 0.000303
76 91 0.000336
76 96 0.000321
81 1 0.000264
81 6 0.00031
81 11 0.000268
81 16 0.000302
81 21 0.000253
81 26 0.000305
81 31 0.000284
81 36 0.000263
81 41 0.000297
81 46 0.000266
81 51 0.000264
81 56 0.000281
81 61 0.000333
81 66 0.000378
81 71 0.00024
81 76 0.000284
81 81 0.000268
81 86 0.000333
81 91 0.000261
81 96 0.000267
86 1 0.000312
86 6 0.000293
86 11 0.000273
86 16 0.000315
86 21 0.000379
86 26 0.000296
86 31 0.000296
86 36 0.000287
86 41 0.000288
86 46 0.000273
86 51 0.000327
86 56 0.000268
86 61 0.000282
86 66 0.000279
86 71 0.00034
86 76 0.000271
86 81 0.00028
86 86 0.000274
86 91 0.000262
86 96 0.000274
91 1 0.000283
91 6 0.000257
91 11 0.000256
91 16 0.000257
91 21 0.00037
91 26 0.000253
91 31 0.000274
91 36 0.000279
91 41 0.000291
91 46 0.000317
91 51 0.000279
91 56 0.000269
91 61 0.000319
91 66 0.000275
91 71 0.000348
91 76 0.000348
91 81 0.000302
91 86 0.000282
91 91 0.000271
91 96 0.00028
96 1 0.000291
96 6 0.000297
96 11 0.000308
96 16 0.000246
96 21 0.00031
96 26 0.000325
96 31 0.000254
96 36 0.000313
96 41 0.000301
96 46 0.000248
96 51 0.00029
96 56 0.000324
96 61 0.000268
96 66 0.000279
96 71 0.000404
96 76 0.000316
96 81 0.000368
96 86 0.000279
96 91 0.000255
96 96 0.000261
1 1 0.000315
1 6 0.000274
1 11 0.000336
1 16 0.000406
1 21 0.000395
1 26 0.000346
1 31 0.000386
1 36 0.000312
1 41 0.000357
1 46 0.000315
1 51 0.00037
1 56 0.000328
1 61 0.000268
1 66 0.000292
1 71 0.000319
1 76 0.000329
1 81 0.000383
1 86 0.000314
1 91 0.000391
1 96 0.000379
6 1 0.000371
6 6 0.000306
6 11 0.000325
6 16 0.000284
6 21 0.000325
6 26 0.000419
6 31 0.000389
6 36 0.00032
6 41 0.000314
6 46 0.000343
6 51 0.00031
6 56 0.000342
6 61 0.000441
6 66 0.00031
6 71 0.000275
6 76 0.00027
6 81 0.000275
6 86 0.000388
6 91 0.000414
6 96 0.000297
11 1 0.000309
11 6 0.000292
11 11 0.000358
11 16 0.000336
11 21 0.000297
11 26 0.000333
11 31 0.000398
11 36 0.000268
11 41 0.000347
11 46 0.000329
11 51 0.000359
11 56 0.000401
11 61 0.000378
11 66 0.000388
11 71 0.00036
11 76 0.000327
11 81 0.000334
11 86 0.000268
11 91 0.00029
11 96 0.00033
16 1 0.000321
16 6 0.000399
16 11 0.000293
16 16 0.000282
16 21 0.000367
16 26 0.000324
16 31 0.000345
16 36 0.000335
16 41 0.000341
16 46 0.000345
16 51 0.000384
16 56 0.000369
16 61 0.000377
16 66 0.000356
16 71 0.000341
16 76 0.000258
16 81 0.00026
16 86 0.000318
16 91 0.000282
16 96 0.000154
21 1 0.000189
21 6 0.000165
21 11 0.000105
21 16 0.000261
21 21 0.000251
21 26 0.000364
21 31 0.00037
21 36 0.000346
21 41 0.000291
21 46 0.000266
21 51 0.000358
21 56 0.000368
21 61 0.000331
21 66 0.0003
21 71 0.000358
21 76 0.000263
21 81 0.000346
21 86 0.000337
21 91 0.000216
21 96 0.000294
26 1 0.00031
26 6 0.000343
26 11 0.000274
26 16 0.000373
26 21 0.000323
26 26 0.000402
26 31 0.000273
26 36 0.000332
26 41 0.000391
26 46 0.000339
26 51 0.000346
26 56 0.000395
26 61 0.000346
26 66 0.000383
26 71 0.000429
26 76 0.000376
26 81 0.000322
26 86 0.000298
26 91 0.000291
26 96 0.000369
31 1 0.000305
31 6 0.000319
31 11 0.000226
31 16 0.000133
31 21 0.000225
31 26 0.000246
31 31 0.00015
31 36 0.000193
31 41 0.000227
31 46 0.000387
31 51 0.000346
31 56 0.000327
31 61 0.000302
31 66 0.000268
31 71 0.000387
31 76 0.000339
31 81 0.00034
31 86 0.000348
31 91 0.000367
31 96 0.000279
36 1 0.000334
36 6 0.000323
36 11 0.000345
36 16 0.000349
36 21 0.000347
36 26 0.000314
36 31 0.000344
36 36 0.000486
36 41 0.000428
36 46 0.000382
36 51 0.000379
36 56 0.000408
36 61 0.000397
36 66 0.00035
36 71 0.00048
36 76 0.000338
36 81 0.000389
36 86 0.000348
36 91 0.000499
36 96 0.000257
41 1 0.000354
41 6 0.000408
41 11 0.000345
41 16 0.000345
41 21 0.000339
41 26 0.000349
41 31 0.000322
41 36 0.000312
41 41 0.000335
41 46 0.000386
41 51 0.000392
41 56 0.000365
41 61 0.000326
41 66 0.000428
41 71 0.000398
41 76 0.00035
41 81 0.000347
41 86 0.00041
41 91 0.000343
41 96 0.000335
46 1 0.000361
46 6 0.000338
46 11 0.000341
46 16 0.00036
46 21 0.000247
46 26 0.000341
46 31 0.000377
46 36 0.000474
46 41 0.000311
46 46 0.000327
46 51 0.000317
46 56 0.000312
46 61 0.000352
46 66 0.000255
46 71 0.000368
46 76 0.000309
46 81 0.000343
46 86 0.000334
46 91 0.00041
46 96 0.000418
51 1 0.000351
51 6 0.000374
51 11 0.000264
51 16 0.000245
51 21 0.000253
51 26 0.000384
51 31 0.000346
51 36 0.00035
51 41 0.00039
51 46 0.000412
51 51 0.000411
51 56 0.000391
51 61 0.000342
51 66 0.000339
51 71 0.000351
51 76 0.000273
51 81 0.000332
51 86 0.000365
51 91 0.000381
51 96 0.000283
56 1 0.000335
56 6 0.000334
56 11 0.000353
56 16 0.000265
56 21 0.000293
56 26 0.000231
56 31 0.00012
56 36 0.000161
56 41 0.000141
56 46 0.000112
56 51 0.000191
56 56 0.000275
56 61 0.000287
56 66 0.000324
56 71 0.000289
56 76 0.000437
56 81 0.000328
56 86 0.000339
56 91 0.000439
56 96 0.000272
61 1 0.000377
61 6 0.000393
61 11 0.000341
61 16 0.000339
61 21 0.000342
61 26 0.000325
61 31 0.000422
61 36 0.000386
61 41 0.000321
61 46 0.000328
61 51 0.00034
61 56 0.000339
61 61 0.000291
61 66 0.000317
61 71 0.000342
61 76 0.000373
61 81 0.000408
61 86 0.000422
61 91 0.000357
61 96 0.0003
66 1 0.000282
66 6 0.00042
66 11 0.000334
66 16 0.00034
66 21 0.000376
66 26 0.000311
66 31 0.000391
66 36 0.000348
66 41 0.000485
66 46 0.00042
66 51 0.000318
66 56 0.000301
66 61 0.00038
66 66 0.000329
66 71 0.000359
66 76 0.000386
66 81 0.000413
66 86 0.000332
66 91 0.00033
66 96 0.000422
71 1 0.000312
71 6 0.000386
71 11 0.000349
71 16 0.000315
71 21 0.000292
71 26 0.000259
71 31 0.000263
71 36 0.000397
71 41 0.000328
71 46 0.000327
71 51 0.000363
71 56 0.000415
71 61 0.000351
71 66 0.000414
71 71 0.000377
71 76 0.000407
71 81 0.00026
71 86 0.000276
71 91 0.000274
71 96 0.000463
76 1 0.000302
76 6 0.000389
76 11 0.000353
76 16 0.000362
76 21 0.000421
76 26 0.000359
76 31 0.000359
76 36 0.000399
76 41 0.000365
76 46 0.000417
76 51 0.000336
76 56 0.000304
76 61 0.000265
76 66 0.000316
76 71 0.000339
76 76 0.000305
76 81 0.000421
76 86 0.000272
76 91 0.00031
76 96 0.000362
81 1 0.000298
81 6 0.000311
81 11 0.00038
81 16 0.000338
81 21 0.000276
81 26 0.000333
81 31 0.000322
81 36 0.000314
81 41 0.000356
81 46 0.000419
81 51 0.000307
81 56 0.000245
81 61 0.000388
81 66 0.000305
81 71 0.000345
81 76 0.000364
81 81 0.000279
81 86 0.000389
81 91 0.000288
81 96 0.000374
86 1 0.000255
86 6 0.00029
86 11 0.000287
86 16 0.000383
86 21 0.000313
86 26 0.000267
86 31 0.000331
86 36 0.000322
86 41 0.000316
86 46 0.000445
86 51 0.000343
86 56 0.000315
86 61 0.00037
86 66 0.000274
86 71 0.000354
86 76 0.000333
86 81 0.000331
86 86 0.000279
86 91 0.000272
86 96 0.000334
91 1 0.000327
91 6 0.000272
91 11 0.00042
91 16 0.000411
91 21 0.000287
91 26 0.000355
91 31 0.000359
91 36 0.00035
91 41 0.00042
91 46 0.000422
91 51 0.00042
91 56 0.000424
91 61 0.000301
91 66 0.000398
91 71 0.000306
91 76 0.000332
91 81 0.000348
91 86 0.000313
91 91 0.000303
91 96 0.000357
96 1 0.000431
96 6 0.00029
96 11 0.000332
96 16 0.000356
96 21 0.000371
96 26 0.000332
96 31 0.00029
96 36 0.000394
96 41 0.000355
96 46 0.000334
96 51 0.000349
96 56 0.000284
96 61 0.000294
96 66 0.000318
96 71 0.000318
96 76 0.000344
96 81 0.000314
96 86 0.00027
96 91 0.000445
96 96 0.000257
1 1 43
1 6 206
1 11 565
1 16 956
1 21 1418
1 26 2721
1 31 4273
1 36 3958
1 41 5062
1 46 6270
1 51 9194
1 56 9086
1 61 10761
1 66 17012
1 71 14818
1 76 17038
1 81 19538
1 86 21246
1 91 25095
1 96 31809
6 1 43
6 6 274
6 11 976
6 16 1637
6 21 1750
6 26 2576
6 31 3828
6 36 4843
6 41 8474
6 46 7708
6 51 9012
6 56 11150
6 61 13380
6 66 15814
6 71 24640
6 76 20629
6 81 26128
6 86 25716
6 91 33162
6 96 31320
11 1 55
11 6 278
11 11 653
11 16 1235
11 21 2021
11 26 3026
11 31 4811
11 36 5226
11 41 6649
11 46 8206
11 51 10833
11 56 12467
11 61 14200
11 66 23639
11 71 19433
11 76 29376
11 81 24780
11 86 39269
11 91 31069
11 96 34305
16 1 65
16 6 287
16 11 738
16 16 1393
16 21 2155
16 26 3111
16 31 6134
16 36 6255
16 41 7541
16 46 9092
16 51 15430
16 56 12791
16 61 15226
16 66 18538
16 71 20635
16 76 28731
16 81 27670
16 86 29159
16 91 38083
16 96 45409
21 1 43
21 6 297
21 11 719
21 16 1921
21 21 3168
21 26 3471
21 31 4513
21 36 6295
21 41 10570
21 46 9340
21 51 11532
21 56 18803
21 61 15979
21 66 20265
21 71 20940
21 76 26660
21 81 27535
21 86 36293
21 91 35909
21 96 38163
26 1 44
26 6 308
26 11 725
26 16 1365
26 21 2360
26 26 3545
26 31 5416
26 36 6220
26 41 7749
26 46 10098
26 51 11785
26 56 13903
26 61 20545
26 66 19072
26 71 22956
26 76 24817
26 81 36423
26 86 31243
26 91 40806
26 96 43613
31 1 45
31 6 314
31 11 790
31 16 1579
31 21 2371
31 26 3412
31 31 4658
31 36 6193
31 41 11302
31 46 10018
31 51 12269
31 56 17013
31 61 16591
31 66 20873
31 71 22309
31 76 26477
31 81 29570
31 86 44872
31 91 36496
31 96 40525
36 1 46
36 6 441
36 11 777
36 16 1491
36 21 2317
36 26 3485
36 31 6767
36 36 6325
36 41 8384
36 46 10002
36 51 13803
36 56 14524
36 61 17181
36 66 19784
36 71 23265
36 76 30190
36 81 30170
36 86 34701
36 91 43315
36 96 41328
41 1 42
41 6 305
41 11 783
41 16 1628
41 21 3322
41 26 3403
41 31 4809
41 36 6312
41 41 11495
41 46 10328
41 51 12137
41 56 16305
41 61 17308
41 66 20570
41 71 24597
41 76 26618
41 81 30634
41 86 46191
41 91 50230
41 96 47527
46 1 51
46 6 312
46 11 763
46 16 1761
46 21 3241
46 26 3453
46 31 4776
46 36 7750
46 41 8418
46 46 10869
46 51 12483
46 56 17065
46 61 18170
46 66 23108
46 71 25081
46 76 28226
46 81 35034
46 86 34081
46 91 42748
46 96 20145
51 1 28
51 6 64
51 11 333
51 16 702
51 21 1144
51 26 1388
51 31 2687
51 36 6580
51 41 12054
51 46 10270
51 51 13083
51 56 21589
51 61 19918
51 66 22027
51 71 23965
51 76 36790
51 81 31782
51 86 35901
51 91 48973
51 96 49870
56 1 55
56 6 289
56 11 1106
56 16 1405
56 21 2343
56 26 3638
56 31 6815
56 36 5619
56 41 8986
56 46 11672
56 51 18302
56 56 19500
56 61 21263
56 66 30083
56 71 27192
56 76 36149
56 81 37038
56 86 45132
56 91 41075
56 96 52617
61 1 73
61 6 475
61 11 981
61 16 2082
61 21 3442
61 26 4700
61 31 7031
61 36 9040
61 41 11017
61 46 15072
61 51 13097
61 56 21785
61 61 19298
61 66 25094
61 71 30797
61 76 31892
61 81 42707
61 86 49555
61 91 54219
61 96 53825
66 1 43
66 6 307
66 11 1008
66 16 1482
66 21 2406
66 26 4964
66 31 5267
66 36 7018
66 41 8460
66 46 12885
66 51 12810
66 56 16931
66 61 18203
66 66 21267
66 71 30710
66 76 29015
66 81 31790
66 86 45525
66 91 39722
66 96 44836
71 1 58
71 6 357
71 11 757
71 16 2043
71 21 3076
71 26 3679
71 31 4902
71 36 9228
71 41 9061
71 46 10491
71 51 14824
71 56 15571
71 61 25840
71 66 23728
71 71 31789
71 76 28441
71 81 34418
71 86 39916
71 91 39647
71 96 44781
76 1 52
76 6 471
76 11 1081
76 16 2014
76 21 2383
76 26 4646
76 31 6936
76 36 7144
76 41 11579
76 46 14666
76 51 18282
76 56 15896
76 61 18175
76 66 21848
76 71 25619
76 76 28245
76 81 41562
76 86 35721
76 91 39658
76 96 56779
81 1 44
81 6 303
81 11 788
81 16 1439
81 21 3346
81 26 3542
81 31 4902
81 36 8068
81 41 8536
81 46 10670
81 51 16209
81 56 16192
81 61 18615
81 66 24099
81 71 24900
81 76 29249
81 81 43337
81 86 36196
81 91 44661
81 96 52127
86 1 63
86 6 317
86 11 737
86 16 1862
86 21 2330
86 26 3581
86 31 7090
86 36 6750
86 41 8440
86 46 13367
86 51 13091
86 56 19055
86 61 18536
86 66 22334
86 71 24985
86 76 30722
86 81 32680
86 86 46619
86 91 43764
86 96 45302
91 1 43
91 6 309
91 11 733
91 16 1417
91 21 3432
91 26 3521
91 31 4975
91 36 7074
91 41 8562
91 46 11044
91 51 13399
91 56 15586
91 61 21657
91 66 21615
91 71 29792
91 76 29609
91 81 32343
91 86 44384
91 91 40730
91 96 50398
96 1 53
96 6 307
96 11 1017
96 16 1453
96 21 2724
96 26 3602
96 31 4959
96 36 9403
96 41 8519
96 46 11680
96 51 13125
96 56 15602
96 61 20948
96 66 21630
96 71 31816
96 76 29290
96 81 33035
96 86 45091
96 91 48994
96 96 46343
1 1 55
1 6 227
1 11 478
1 16 1268
1 21 1375
1 26 2131
1 31 2931
1 36 3870
1 41 6058
1 46 6222
1 51 7743
1 56 9115
1 61 15330
1 66 12622
1 71 17677
1 76 16696
1 81 19988
1 86 21139
1 91 25832
1 96 26514
6 1 43
6 6 388
6 11 632
6 16 1096
6 21 1812
6 26 3752
6 31 3652
6 36 4797
6 41 6153
6 46 7906
6 51 9021
6 56 10930
6 61 18884
6 66 16420
6 71 17182
6 76 19898
6 81 23406
6 86 25349
6 91 33991
6 96 31235
11 1 43
11 6 291
11 11 689
11 16 1240
11 21 2013
11 26 2951
11 31 5730
11 36 5120
11 41 6650
11 46 8109
11 51 14459
11 56 12492
11 61 13957
11 66 20206
11 71 19217
11 76 30737
11 81 24371
11 86 31602
11 91 32560
11 96 35867
16 1 64
16 6 413
16 11 749
16 16 1349
16 21 2099
16 26 3137
16 31 6099
16 36 5561
16 41 7579
16 46 8900
16 51 15979
16 56 12946
16 61 15211
16 66 17957
16 71 20816
16 76 28730
16 81 26117
16 86 32495
16 91 38878
16 96 38760
21 1 44
21 6 349
21 11 706
21 16 1353
21 21 2247
21 26 3603
21 31 4522
21 36 5915
21 41 7396
21 46 10418
21 51 15551
21 56 13684
21 61 15838
21 66 20965
21 71 21241
21 76 28080
21 81 27726
21 86 31065
21 91 41560
21 96 45027
26 1 44
26 6 297
26 11 1007
26 16 1746
26 21 2327
26 26 3314
26 31 4686
26 36 7105
26 41 7781
26 46 9446
26 51 12433
26 56 15807
26 61 16345
26 66 23478
26 71 21829
26 76 30743
26 81 29906
26 86 34728
26 91 42825
26 96 39383
31 1 43
31 6 362
31 11 724
31 16 1881
31 21 2512
31 26 4029
31 31 4735
31 36 6251
31 41 9307
31 46 10013
31 51 11717
31 56 18372
31 61 16960
31 66 19569
31 71 25950
31 76 25624
31 81 32649
31 86 33820
31 91 36893
31 96 41615
36 1 61
36 6 299
36 11 757
36 16 1420
36 21 2280
36 26 3414
36 31 6694
36 36 6325
36 41 7960
36 46 9922
36 51 16333
36 56 16336
36 61 19879
36 66 20010
36 71 23105
36 76 28999
36 81 31320
36 86 33438
36 91 40032
36 96 48808
41 1 54
41 6 305
41 11 775
41 16 1986
41 21 2353
41 26 3402
41 31 4752
41 36 8641
41 41 8198
41 46 10194
41 51 12190
41 56 20791
41 61 17316
41 66 24203
41 71 23125
41 76 37308
41 81 30121
41 86 38622
41 91 41976
41 96 42217
46 1 45
46 6 314
46 11 739
46 16 1476
46 21 2840
46 26 4805
46 31 4741
46 36 6508
46 41 8256
46 46 14508
46 51 12450
46 56 14854
46 61 20018
46 66 20500
46 71 30191
46 76 26695
46 81 35184
46 86 36254
46 91 38400
46 96 44066
51 1 52
51 6 306
51 11 756
51 16 1402
51 21 2422
51 26 4975
51 31 4826
51 36 6492
51 41 9962
51 46 10933
51 51 13598
51 56 16731
51 61 18314
51 66 20489
51 71 23978
51 76 27428
51 81 32859
51 86 41200
51 91 42367
51 96 42253
56 1 44
56 6 317
56 11 730
56 16 1373
56 21 3173
56 26 3457
56 31 4805
56 36 6482
56 41 11544
56 46 10513
56 51 12820
56 56 21575
56 61 18084
56 66 21802
56 71 24315
56 76 30201
56 81 30725
56 86 44876
56 91 39302
56 96 43496
61 1 66
61 6 318
61 11 987
61 16 1487
61 21 3264
61 26 3789
61 31 5007
61 36 8822
61 41 8741
61 46 10762
61 51 12642
61 56 19064
61 61 19958
61 66 25741
61 71 24902
61 76 37357
61 81 32287
61 86 37690
61 91 52182
61 96 48300
66 1 46
66 6 400
66 11 770
66 16 1435
66 21 2473
66 26 4941
66 31 5288
66 36 6542
66 41 10395
66 46 12969
66 51 13120
66 56 16355
66 61 19648
66 66 21394
66 71 20062
66 76 8725
66 81 14997
66 86 11656
66 91 17518
66 96 46898
71 1 43
71 6 353
71 11 771
71 16 1551
71 21 2380
71 26 4991
71 31 5434
71 36 7238
71 41 11931
71 46 11081
71 51 14966
71 56 19627
71 61 18178
71 66 22621
71 71 25316
71 76 30559
71 81 34620
71 86 38995
71 91 43245
71 96 44285
76 1 44
76 6 307
76 11 741
76 16 1495
76 21 2368
76 26 3595
76 31 6940
76 36 6544
76 41 9058
76 46 14826
76 51 14705
76 56 19790
76 61 23411
76 66 30463
76 71 32563
76 76 34640
76 81 45031
76 86 43590
76 91 48240
76 96 56102
81 1 61
81 6 436
81 11 1080
81 16 1573
81 21 3324
81 26 5004
81 31 7030
81 36 8995
81 41 12244
81 46 15254
81 51 15108
81 56 22296
81 61 19235
81 66 30290
81 71 35810
81 76 31460
81 81 38550
81 86 47785
81 91 50836
81 96 47681
86 1 65
86 6 313
86 11 741
86 16 1523
86 21 3298
86 26 3551
86 31 7352
86 36 9227
86 41 12183
86 46 11256
86 51 16142
86 56 16414
86 61 18467
86 66 27067
86 71 27275
86 76 35863
86 81 32427
86 86 36392
86 91 52328
86 96 57363
91 1 44
91 6 321
91 11 813
91 16 1441
91 21 3358
91 26 3815
91 31 6938
91 36 7715
91 41 8632
91 46 15302
91 51 13094
91 56 18231
91 61 20002
91 66 9280
91 71 9276
91 76 8423
91 81 12105
91 86 38999
91 91 40878
91 96 47209
96 1 62
96 6 296
96 11 739
96 16 1522
96 21 3139
96 26 3536
96 31 4978
96 36 9408
96 41 8746
96 46 10985
96 51 13380
96 56 15699
96 61 25403
96 66 21942
96 71 25832
96 76 33970
96 81 32890
96 86 38970
96 91 58319
96 96 47798
