1 1 24
1 6 24
1 11 24
1 16 24
1 21 24
1 26 24
1 31 24
1 36 24
1 41 24
1 46 24
1 51 24
1 56 24
1 61 24
1 66 24
1 71 24
1 76 24
1 81 24
1 86 24
1 91 24
1 96 24
6 1 24
6 6 24
6 11 24
6 16 24
6 21 24
6 26 24
6 31 24
6 36 24
6 41 24
6 46 24
6 51 24
6 56 24
6 61 24
6 66 24
6 71 24
6 76 24
6 81 24
6 86 24
6 91 24
6 96 24
11 1 24
11 6 24
11 11 24
11 16 24
11 21 24
11 26 24
11 31 24
11 36 24
11 41 24
11 46 24
11 51 24
11 56 24
11 61 24
11 66 24
11 71 24
11 76 24
11 81 24
11 86 24
11 91 24
11 96 24
16 1 24
16 6 24
16 11 24
16 16 24
16 21 24
16 26 24
16 31 24
16 36 24
16 41 24
16 46 24
16 51 24
16 56 24
16 61 24
16 66 24
16 71 24
16 76 24
16 81 24
16 86 24
16 91 24
16 96 24
21 1 24
21 6 24
21 11 24
21 16 24
21 21 24
21 26 24
21 31 24
21 36 24
21 41 24
21 46 24
21 51 24
21 56 24
21 61 24
21 66 24
21 71 24
21 76 24
21 81 24
21 86 24
21 91 24
21 96 24
26 1 24
26 6 24
26 11 24
26 16 24
26 21 24
26 26 24
26 31 24
26 36 24
26 41 24
26 46 24
26 51 24
26 56 24
26 61 24
26 66 24
26 71 24
26 76 24
26 81 24
26 86 24
26 91 24
26 96 24
31 1 24
31 6 24
31 11 24
31 16 24
31 21 24
31 26 24
31 31 24
31 36 24
31 41 24
31 46 24
31 51 24
31 56 24
31 61 24
31 66 24
31 71 24
31 76 24
31 81 24
31 86 24
31 91 24
31 96 24
36 1 24
36 6 24
36 11 24
36 16 24
36 21 24
36 26 24
36 31 24
36 36 24
36 41 24
36 46 24
36 51 24
36 56 24
36 61 24
36 66 24
36 71 24
36 76 24
36 81 24
36 86 24
36 91 24
36 96 24
41 1 24
41 6 24
41 11 24
41 16 24
41 21 24
41 26 24
41 31 24
41 36 24
41 41 24
41 46 24
41 51 24
41 56 24
41 61 24
41 66 24
41 71 24
41 76 24
41 81 24
41 86 24
41 91 24
41 96 24
46 1 24
46 6 24
46 11 24
46 16 24
46 21 24
46 26 24
46 31 24
46 36 24
46 41 24
46 46 24
46 51 24
46 56 24
46 61 24
46 66 24
46 71 24
46 76 24
46 81 24
46 86 24
46 91 24
46 96 24
51 1 24
51 6 24
51 11 24
51 16 24
51 21 24
51 26 24
51 31 24
51 36 24
51 41 24
51 46 24
51 51 24
51 56 24
51 61 24
51 66 24
51 71 24
51 76 24
51 81 24
51 86 24
51 91 24
51 96 24
56 1 24
56 6 24
56 11 24
56 16 24
56 21 24
56 26 24
56 31 24
56 36 24
56 41 24
56 46 24
56 51 24
56 56 24
56 61 24
56 66 24
56 71 24
56 76 24
56 81 24
56 86 24
56 91 24
56 96 24
61 1 24
61 6 24
61 11 24
61 16 24
61 21 24
61 26 24
61 31 24
61 36 24
61 41 24
61 46 24
61 51 24
61 56 24
61 61 24
61 66 24
61 71 24
61 76 24
61 81 24
61 86 24
61 91 24
61 96 24
66 1 24
66 6 24
66 11 24
66 16 24
66 21 24
66 26 24
66 31 24
66 36 24
66 41 24
66 46 24
66 51 24
66 56 24
66 61 24
66 66 24
66 71 24
66 76 24
66 81 24
66 86 24
66 91 24
66 96 24
71 1 24
71 6 24
71 11 24
71 16 24
71 21 24
71 26 24
71 31 24
71 36 24
71 41 24
71 46 24
71 51 24
71 56 24
71 61 24
71 66 24
71 71 24
71 76 24
71 81 24
71 86 24
71 91 24
71 96 24
76 1 24
76 6 24
76 11 24
76 16 24
76 21 24
76 26 24
76 31 24
76 36 24
76 41 24
76 46 24
76 51 24
76 56 24
76 61 24
76 66 24
76 71 24
76 76 24
76 81 24
76 86 24
76 91 24
76 96 24
81 1 24
81 6 24
81 11 24
81 16 24
81 21 24
81 26 24
81 31 24
81 36 24
81 41 24
81 46 24
81 51 24
81 56 24
81 61 24
81 66 24
81 71 24
81 76 24
81 81 24
81 86 24
81 91 24
81 96 24
86 1 24
86 6 24
86 11 24
86 16 24
86 21 24
86 26 24
86 31 24
86 36 24
86 41 24
86 46 24
86 51 24
86 56 24
86 61 24
86 66 24
86 71 24
86 76 24
86 81 24
86 86 24
86 91 24
86 96 24
91 1 24
91 6 24
91 11 24
91 16 24
91 21 24
91 26 24
91 31 24
91 36 24
91 41 24
91 46 24
91 51 24
91 56 24
91 61 24
91 66 24
91 71 24
91 76 24
91 81 24
91 86 24
91 91 24
91 96 24
96 1 24
96 6 24
96 11 24
96 16 24
96 21 24
96 26 24
96 31 24
96 36 24
96 41 24
96 46 24
96 51 24
96 56 24
96 61 24
96 66 24
96 71 24
96 76 24
96 81 24
96 86 24
96 91 24
96 96 24
1 1 24
1 6 24
1 11 24
1 16 24
1 21 24
1 26 24
1 31 24
1 36 24
1 41 24
1 46 24
1 51 24
1 56 24
1 61 24
1 66 24
1 71 24
1 76 24
1 81 24
1 86 24
1 91 24
1 96 24
6 1 24
6 6 24
6 11 24
6 16 24
6 21 24
6 26 24
6 31 24
6 36 24
6 41 24
6 46 24
6 51 24
6 56 24
6 61 24
6 66 24
6 71 24
6 76 24
6 81 24
6 86 24
6 91 24
6 96 24
11 1 24
11 6 24
11 11 24
11 16 24
11 21 24
11 26 24
11 31 24
11 36 24
11 41 24
11 46 24
11 51 24
11 56 24
11 61 24
11 66 24
11 71 24
11 76 24
11 81 24
11 86 24
11 91 24
11 96 24
16 1 24
16 6 24
16 11 24
16 16 24
16 21 24
16 26 24
16 31 24
16 36 24
16 41 24
16 46 24
16 51 24
16 56 24
16 61 24
16 66 24
16 71 24
16 76 24
16 81 24
16 86 24
16 91 24
16 96 24
21 1 24
21 6 24
21 11 24
21 16 24
21 21 24
21 26 24
21 31 24
21 36 24
21 41 24
21 46 24
21 51 24
21 56 24
21 61 24
21 66 24
21 71 24
21 76 24
21 81 24
21 86 24
21 91 24
21 96 24
26 1 24
26 6 24
26 11 24
26 16 24
26 21 24
26 26 24
26 31 24
26 36 24
26 41 24
26 46 24
26 51 24
26 56 24
26 61 24
26 66 24
26 71 24
26 76 24
26 81 24
26 86 24
26 91 24
26 96 24
31 1 24
31 6 24
31 11 24
31 16 24
31 21 24
31 26 24
31 31 24
31 36 24
31 41 24
31 46 24
31 51 24
31 56 24
31 61 24
31 66 24
31 71 24
31 76 24
31 81 24
31 86 24
31 91 24
31 96 24
36 1 24
36 6 24
36 11 24
36 16 24
36 21 24
36 26 24
36 31 24
36 36 24
36 41 24
36 46 24
36 51 24
36 56 24
36 61 24
36 66 24
36 71 24
36 76 24
36 81 24
36 86 24
36 91 24
36 96 24
41 1 24
41 6 24
41 11 24
41 16 24
41 21 24
41 26 24
41 31 24
41 36 24
41 41 24
41 46 24
41 51 24
41 56 24
41 61 24
41 66 24
41 71 24
41 76 24
41 81 24
41 86 24
41 91 24
41 96 24
46 1 24
46 6 24
46 11 24
46 16 24
46 21 24
46 26 24
46 31 24
46 36 24
46 41 24
46 46 24
46 51 24
46 56 24
46 61 24
46 66 24
46 71 24
46 76 24
46 81 24
46 86 24
46 91 24
46 96 24
51 1 24
51 6 24
51 11 24
51 16 24
51 21 24
51 26 24
51 31 24
51 36 24
51 41 24
51 46 24
51 51 24
51 56 24
51 61 24
51 66 24
51 71 24
51 76 24
51 81 24
51 86 24
51 91 24
51 96 24
56 1 24
56 6 24
56 11 24
56 16 24
56 21 24
56 26 24
56 31 24
56 36 24
56 41 24
56 46 24
56 51 24
56 56 24
56 61 24
56 66 24
56 71 24
56 76 24
56 81 24
56 86 24
56 91 24
56 96 24
61 1 24
61 6 24
61 11 24
61 16 24
61 21 24
61 26 24
61 31 24
61 36 24
61 41 24
61 46 24
61 51 24
61 56 24
61 61 24
61 66 24
61 71 24
61 76 24
61 81 24
61 86 24
61 91 24
61 96 24
66 1 24
66 6 24
66 11 24
66 16 24
66 21 24
66 26 24
66 31 24
66 36 24
66 41 24
66 46 24
66 51 24
66 56 24
66 61 24
66 66 24
66 71 24
66 76 24
66 81 24
66 86 24
66 91 24
66 96 24
71 1 24
71 6 24
71 11 24
71 16 24
71 21 24
71 26 24
71 31 24
71 36 24
71 41 24
71 46 24
71 51 24
71 56 24
71 61 24
71 66 24
71 71 24
71 76 24
71 81 24
71 86 24
71 91 24
71 96 24
76 1 24
76 6 24
76 11 24
76 16 24
76 21 24
76 26 24
76 31 24
76 36 24
76 41 24
76 46 24
76 51 24
76 56 24
76 61 24
76 66 24
76 71 24
76 76 24
76 81 24
76 86 24
76 91 24
76 96 24
81 1 24
81 6 24
81 11 24
81 16 24
81 21 24
81 26 24
81 31 24
81 36 24
81 41 24
81 46 24
81 51 24
81 56 24
81 61 24
81 66 24
81 71 24
81 76 24
81 81 24
81 86 24
81 91 24
81 96 24
86 1 24
86 6 24
86 11 24
86 16 24
86 21 24
86 26 24
86 31 24
86 36 24
86 41 24
86 46 24
86 51 24
86 56 24
86 61 24
86 66 24
86 71 24
86 76 24
86 81 24
86 86 24
86 91 24
86 96 24
91 1 24
91 6 24
91 11 24
91 16 24
91 21 24
91 26 24
91 31 24
91 36 24
91 41 24
91 46 24
91 51 24
91 56 24
91 61 24
91 66 24
91 71 24
91 76 24
91 81 24
91 86 24
91 91 24
91 96 24
96 1 24
96 6 24
96 11 24
96 16 24
96 21 24
96 26 24
96 31 24
96 36 24
96 41 24
96 46 24
96 51 24
96 56 24
96 61 24
96 66 24
96 71 24
96 76 24
96 81 24
96 86 24
96 91 24
96 96 24
1 1 0
1 6 0
1 11 0
1 16 0
1 21 0
1 26 0
1 31 0
1 36 0
1 41 0
1 46 0
1 51 0
1 56 0
1 61 0
1 66 0
1 71 0
1 76 0
1 81 0
1 86 0
1 91 0
1 96 0
6 1 0
6 6 0
6 11 0
6 16 0
6 21 0
6 26 0
6 31 0
6 36 0
6 41 0
6 46 0
6 51 0
6 56 0
6 61 0
6 66 0
6 71 0
6 76 0
6 81 0
6 86 0
6 91 0
6 96 0
11 1 0
11 6 0
11 11 0
11 16 0
11 21 0
11 26 0
11 31 0
11 36 0
11 41 0
11 46 0
11 51 0
11 56 0
11 61 0
11 66 0
11 71 0
11 76 0
11 81 0
11 86 0
11 91 0
11 96 0
16 1 0
16 6 0
16 11 0
16 16 0
16 21 0
16 26 0
16 31 0
16 36 0
16 41 0
16 46 0
16 51 0
16 56 0
16 61 0
16 66 0
16 71 0
16 76 0
16 81 0
16 86 0
16 91 0
16 96 0
21 1 0
21 6 0
21 11 0
21 16 0
21 21 0
21 26 0
21 31 0
21 36 0
21 41 0
21 46 0
21 51 0
21 56 0
21 61 0
21 66 0
21 71 0
21 76 0
21 81 0
21 86 0
21 91 0
21 96 0
26 1 0
26 6 0
26 11 0
26 16 0
26 21 0
26 26 0
26 31 0
26 36 0
26 41 0
26 46 0
26 51 0
26 56 0
26 61 0
26 66 0
26 71 0
26 76 0
26 81 0
26 86 0
26 91 0
26 96 0
31 1 0
31 6 0
31 11 0
31 16 0
31 21 0
31 26 0
31 31 0
31 36 0
31 41 0
31 46 0
31 51 0
31 56 0
31 61 0
31 66 0
31 71 0
31 76 0
31 81 0
31 86 0
31 91 0
31 96 0
36 1 0
36 6 0
36 11 0
36 16 0
36 21 0
36 26 0
36 31 0
36 36 0
36 41 0
36 46 0
36 51 0
36 56 0
36 61 0
36 66 0
36 71 0
36 76 0
36 81 0
36 86 0
36 91 0
36 96 0
41 1 0
41 6 0
41 11 0
41 16 0
41 21 0
41 26 0
41 31 0
41 36 0
41 41 0
41 46 0
41 51 0
41 56 0
41 61 0
41 66 0
41 71 0
41 76 0
41 81 0
41 86 0
41 91 0
41 96 0
46 1 0
46 6 0
46 11 0
46 16 0
46 21 0
46 26 0
46 31 0
46 36 0
46 41 0
46 46 0
46 51 0
46 56 0
46 61 0
46 66 0
46 71 0
46 76 0
46 81 0
46 86 0
46 91 0
46 96 0
51 1 0
51 6 0
51 11 0
51 16 0
51 21 0
51 26 0
51 31 0
51 36 0
51 41 0
51 46 0
51 51 0
51 56 0
51 61 0
51 66 0
51 71 0
51 76 0
51 81 0
51 86 0
51 91 0
51 96 0
56 1 0
56 6 0
56 11 0
56 16 0
56 21 0
56 26 0
56 31 0
56 36 0
56 41 0
56 46 0
56 51 0
56 56 0
56 61 0
56 66 0
56 71 0
56 76 0
56 81 0
56 86 0
56 91 0
56 96 0
61 1 0
61 6 0
61 11 0
61 16 0
61 21 0
61 26 0
61 31 0
61 36 0
61 41 0
61 46 0
61 51 0
61 56 0
61 61 0
61 66 0
61 71 0
61 76 0
61 81 0
61 86 0
61 91 0
61 96 0
66 1 0
66 6 0
66 11 0
66 16 0
66 21 0
66 26 0
66 31 0
66 36 0
66 41 0
66 46 0
66 51 0
66 56 0
66 61 0
66 66 0
66 71 0
66 76 0
66 81 0
66 86 0
66 91 0
66 96 0
71 1 0
71 6 0
71 11 0
71 16 0
71 21 0
71 26 0
71 31 0
71 36 0
71 41 0
71 46 0
71 51 0
71 56 0
71 61 0
71 66 0
71 71 0
71 76 0
71 81 0
71 86 0
71 91 0
71 96 0
76 1 0
76 6 0
76 11 0
76 16 0
76 21 0
76 26 0
76 31 0
76 36 0
76 41 0
76 46 0
76 51 0
76 56 0
76 61 0
76 66 0
76 71 0
76 76 0
76 81 0
76 86 0
76 91 0
76 96 0
81 1 0
81 6 0
81 11 0
81 16 0
81 21 0
81 26 0
81 31 0
81 36 0
81 41 0
81 46 0
81 51 0
81 56 0
81 61 0
81 66 0
81 71 0
81 76 0
81 81 0
81 86 0
81 91 0
81 96 0
86 1 0
86 6 0
86 11 0
86 16 0
86 21 0
86 26 0
86 31 0
86 36 0
86 41 0
86 46 0
86 51 0
86 56 0
86 61 0
86 66 0
86 71 0
86 76 0
86 81 0
86 86 0
86 91 0
86 96 0
91 1 0
91 6 0
91 11 0
91 16 0
91 21 0
91 26 0
91 31 0
91 36 0
91 41 0
91 46 0
91 51 0
91 56 0
91 61 0
91 66 0
91 71 0
91 76 0
91 81 0
91 86 0
91 91 0
91 96 0
96 1 0
96 6 0
96 11 0
96 16 0
96 21 0
96 26 0
96 31 0
96 36 0
96 41 0
96 46 0
96 51 0
96 56 0
96 61 0
96 66 0
96 71 0
96 76 0
96 81 0
96 86 0
96 91 0
96 96 0
1 1 0
1 6 0
1 11 0
1 16 0
1 21 0
1 26 0
1 31 0
1 36 0
1 41 0
1 46 0
1 51 0
1 56 0
1 61 0
1 66 0
1 71 0
1 76 0
1 81 0
1 86 0
1 91 0
1 96 0
6 1 0
6 6 0
6 11 0
6 16 0
6 21 0
6 26 0
6 31 0
6 36 0
6 41 0
6 46 0
6 51 0
6 56 0
6 61 0
6 66 0
6 71 0
6 76 0
6 81 0
6 86 0
6 91 0
6 96 0
11 1 0
11 6 0
11 11 0
11 16 0
11 21 0
11 26 0
11 31 0
11 36 0
11 41 0
11 46 0
11 51 0
11 56 0
11 61 0
11 66 0
11 71 0
11 76 0
11 81 0
11 86 0
11 91 0
11 96 0
16 1 0
16 6 0
16 11 0
16 16 0
16 21 0
16 26 0
16 31 0
16 36 0
16 41 0
16 46 0
16 51 0
16 56 0
16 61 0
16 66 0
16 71 0
16 76 0
16 81 0
16 86 0
16 91 0
16 96 0
21 1 0
21 6 0
21 11 0
21 16 0
21 21 0
21 26 0
21 31 0
21 36 0
21 41 0
21 46 0
21 51 0
21 56 0
21 61 0
21 66 0
21 71 0
21 76 0
21 81 0
21 86 0
21 91 0
21 96 0
26 1 0
26 6 0
26 11 0
26 16 0
26 21 0
26 26 0
26 31 0
26 36 0
26 41 0
26 46 0
26 51 0
26 56 0
26 61 0
26 66 0
26 71 0
26 76 0
26 81 0
26 86 0
26 91 0
26 96 0
31 1 0
31 6 0
31 11 0
31 16 0
31 21 0
31 26 0
31 31 0
31 36 0
31 41 0
31 46 0
31 51 0
31 56 0
31 61 0
31 66 0
31 71 0
31 76 0
31 81 0
31 86 0
31 91 0
31 96 0
36 1 0
36 6 0
36 11 0
36 16 0
36 21 0
36 26 0
36 31 0
36 36 0
36 41 0
36 46 0
36 51 0
36 56 0
36 61 0
36 66 0
36 71 0
36 76 0
36 81 0
36 86 0
36 91 0
36 96 0
41 1 0
41 6 0
41 11 0
41 16 0
41 21 0
41 26 0
41 31 0
41 36 0
41 41 0
41 46 0
41 51 0
41 56 0
41 61 0
41 66 0
41 71 0
41 76 0
41 81 0
41 86 0
41 91 0
41 96 0
46 1 0
46 6 0
46 11 0
46 16 0
46 21 0
46 26 0
46 31 0
46 36 0
46 41 0
46 46 0
46 51 0
46 56 0
46 61 0
46 66 0
46 71 0
46 76 0
46 81 0
46 86 0
46 91 0
46 96 0
51 1 0
51 6 0
51 11 0
51 16 0
51 21 0
51 26 0
51 31 0
51 36 0
51 41 0
51 46 0
51 51 0
51 56 0
51 61 0
51 66 0
51 71 0
51 76 0
51 81 0
51 86 0
51 91 0
51 96 0
56 1 0
56 6 0
56 11 0
56 16 0
56 21 0
56 26 0
56 31 0
56 36 0
56 41 0
56 46 0
56 51 0
56 56 0
56 61 0
56 66 0
56 71 0
56 76 0
56 81 0
56 86 0
56 91 0
56 96 0
61 1 0
61 6 0
61 11 0
61 16 0
61 21 0
61 26 0
61 31 0
61 36 0
61 41 0
61 46 0
61 51 0
61 56 0
61 61 0
61 66 0
61 71 0
61 76 0
61 81 0
61 86 0
61 91 0
61 96 0
66 1 0
66 6 0
66 11 0
66 16 0
66 21 0
66 26 0
66 31 0
66 36 0
66 41 0
66 46 0
66 51 0
66 56 0
66 61 0
66 66 0
66 71 0
66 76 0
66 81 0
66 86 0
66 91 0
66 96 0
71 1 0
71 6 0
71 11 0
71 16 0
71 21 0
71 26 0
71 31 0
71 36 0
71 41 0
71 46 0
71 51 0
71 56 0
71 61 0
71 66 0
71 71 0
71 76 0
71 81 0
71 86 0
71 91 0
71 96 0
76 1 0
76 6 0
76 11 0
76 16 0
76 21 0
76 26 0
76 31 0
76 36 0
76 41 0
76 46 0
76 51 0
76 56 0
76 61 0
76 66 0
76 71 0
76 76 0
76 81 0
76 86 0
76 91 0
76 96 0
81 1 0
81 6 0
81 11 0
81 16 0
81 21 0
81 26 0
81 31 0
81 36 0
81 41 0
81 46 0
81 51 0
81 56 0
81 61 0
81 66 0
81 71 0
81 76 0
81 81 0
81 86 0
81 91 0
81 96 0
86 1 0
86 6 0
86 11 0
86 16 0
86 21 0
86 26 0
86 31 0
86 36 0
86 41 0
86 46 0
86 51 0
86 56 0
86 61 0
86 66 0
86 71 0
86 76 0
86 81 0
86 86 0
86 91 0
86 96 0
91 1 0
91 6 0
91 11 0
91 16 0
91 21 0
91 26 0
91 31 0
91 36 0
91 41 0
91 46 0
91 51 0
91 56 0
91 61 0
91 66 0
91 71 0
91 76 0
91 81 0
91 86 0
91 91 0
91 96 0
96 1 0
96 6 0
96 11 0
96 16 0
96 21 0
96 26 0
96 31 0
96 36 0
96 41 0
96 46 0
96 51 0
96 56 0
96 61 0
96 66 0
96 71 0
96 76 0
96 81 0
96 86 0
96 91 0
96 96 0
1 1 0
1 6 0
1 11 0
1 16 0
1 21 0
1 26 0
1 31 0
1 36 0
1 41 0
1 46 0
1 51 0
1 56 0
1 61 0
1 66 0
1 71 0
1 76 0
1 81 0
1 86 0
1 91 0
1 96 0
6 1 0
6 6 0
6 11 0
6 16 0
6 21 0
6 26 0
6 31 0
6 36 0
6 41 0
6 46 0
6 51 0
6 56 0
6 61 0
6 66 0
6 71 0
6 76 0
6 81 0
6 86 0
6 91 0
6 96 0
11 1 0
11 6 0
11 11 0
11 16 0
11 21 0
11 26 0
11 31 0
11 36 0
11 41 0
11 46 0
11 51 0
11 56 0
11 61 0
11 66 0
11 71 0
11 76 0
11 81 0
11 86 0
11 91 0
11 96 0
16 1 0
16 6 0
16 11 0
16 16 0
16 21 0
16 26 0
16 31 0
16 36 0
16 41 0
16 46 0
16 51 0
16 56 0
16 61 0
16 66 0
16 71 0
16 76 0
16 81 0
16 86 0
16 91 0
16 96 0
21 1 0
21 6 0
21 11 0
21 16 0
21 21 0
21 26 0
21 31 0
21 36 0
21 41 0
21 46 0
21 51 0
21 56 0
21 61 0
21 66 0
21 71 0
21 76 0
21 81 0
21 86 0
21 91 0
21 96 0
26 1 0
26 6 0
26 11 0
26 16 0
26 21 0
26 26 0
26 31 0
26 36 0
26 41 0
26 46 0
26 51 0
26 56 0
26 61 0
26 66 0
26 71 0
26 76 0
26 81 0
26 86 0
26 91 0
26 96 0
31 1 0
31 6 0
31 11 0
31 16 0
31 21 0
31 26 0
31 31 0
31 36 0
31 41 0
31 46 0
31 51 0
31 56 0
31 61 0
31 66 0
31 71 0
31 76 0
31 81 0
31 86 0
31 91 0
31 96 0
36 1 0
36 6 0
36 11 0
36 16 0
36 21 0
36 26 0
36 31 0
36 36 0
36 41 0
36 46 0
36 51 0
36 56 0
36 61 0
36 66 0
36 71 0
36 76 0
36 81 0
36 86 0
36 91 0
36 96 0
41 1 0
41 6 0
41 11 0
41 16 0
41 21 0
41 26 0
41 31 0
41 36 0
41 41 0
41 46 0
41 51 0
41 56 0
41 61 0
41 66 0
41 71 0
41 76 0
41 81 0
41 86 0
41 91 0
41 96 0
46 1 0
46 6 0
46 11 0
46 16 0
46 21 0
46 26 0
46 31 0
46 36 0
46 41 0
46 46 0
46 51 0
46 56 0
46 61 0
46 66 0
46 71 0
46 76 0
46 81 0
46 86 0
46 91 0
46 96 0
51 1 0
51 6 0
51 11 0
51 16 0
51 21 0
51 26 0
51 31 0
51 36 0
51 41 0
51 46 0
51 51 0
51 56 0
51 61 0
51 66 0
51 71 0
51 76 0
51 81 0
51 86 0
51 91 0
51 96 0
56 1 0
56 6 0
56 11 0
56 16 0
56 21 0
56 26 0
56 31 0
56 36 0
56 41 0
56 46 0
56 51 0
56 56 0
56 61 0
56 66 0
56 71 0
56 76 0
56 81 0
56 86 0
56 91 0
56 96 0
61 1 0
61 6 0
61 11 0
61 16 0
61 21 0
61 26 0
61 31 0
61 36 0
61 41 0
61 46 0
61 51 0
61 56 0
61 61 0
61 66 0
61 71 0
61 76 0
61 81 0
61 86 0
61 91 0
61 96 0
66 1 0
66 6 0
66 11 0
66 16 0
66 21 0
66 26 0
66 31 0
66 36 0
66 41 0
66 46 0
66 51 0
66 56 0
66 61 0
66 66 0
66 71 0
66 76 0
66 81 0
66 86 0
66 91 0
66 96 0
71 1 0
71 6 0
71 11 0
71 16 0
71 21 0
71 26 0
71 31 0
71 36 0
71 41 0
71 46 0
71 51 0
71 56 0
71 61 0
71 66 0
71 71 0
71 76 0
71 81 0
71 86 0
71 91 0
71 96 0
76 1 0
76 6 0
76 11 0
76 16 0
76 21 0
76 26 0
76 31 0
76 36 0
76 41 0
76 46 0
76 51 0
76 56 0
76 61 0
76 66 0
76 71 0
76 76 0
76 81 0
76 86 0
76 91 0
76 96 0
81 1 0
81 6 0
81 11 0
81 16 0
81 21 0
81 26 0
81 31 0
81 36 0
81 41 0
81 46 0
81 51 0
81 56 0
81 61 0
81 66 0
81 71 0
81 76 0
81 81 0
81 86 0
81 91 0
81 96 0
86 1 0
86 6 0
86 11 0
86 16 0
86 21 0
86 26 0
86 31 0
86 36 0
86 41 0
86 46 0
86 51 0
86 56 0
86 61 0
86 66 0
86 71 0
86 76 0
86 81 0
86 86 0
86 91 0
86 96 0
91 1 0
91 6 0
91 11 0
91 16 0
91 21 0
91 26 0
91 31 0
91 36 0
91 41 0
91 46 0
91 51 0
91 56 0
91 61 0
91 66 0
91 71 0
91 76 0
91 81 0
91 86 0
91 91 0
91 96 0
96 1 0
96 6 0
96 11 0
96 16 0
96 21 0
96 26 0
96 31 0
96 36 0
96 41 0
96 46 0
96 51 0
96 56 0
96 61 0
96 66 0
96 71 0
96 76 0
96 81 0
96 86 0
96 91 0
96 96 0
1 1 0
1 6 0
1 11 0
1 16 0
1 21 0
1 26 0
1 31 0
1 36 0
1 41 0
1 46 0
1 51 0
1 56 0
1 61 0
1 66 0
1 71 0
1 76 0
1 81 0
1 86 0
1 91 0
1 96 0
6 1 0
6 6 0
6 11 0
6 16 0
6 21 0
6 26 0
6 31 0
6 36 0
6 41 0
6 46 0
6 51 0
6 56 0
6 61 0
6 66 0
6 71 0
6 76 0
6 81 0
6 86 0
6 91 0
6 96 0
11 1 0
11 6 0
11 11 0
11 16 0
11 21 0
11 26 0
11 31 0
11 36 0
11 41 0
11 46 0
11 51 0
11 56 0
11 61 0
11 66 0
11 71 0
11 76 0
11 81 0
11 86 0
11 91 0
11 96 0
16 1 0
16 6 0
16 11 0
16 16 0
16 21 0
16 26 0
16 31 0
16 36 0
16 41 0
16 46 0
16 51 0
16 56 0
16 61 0
16 66 0
16 71 0
16 76 0
16 81 0
16 86 0
16 91 0
16 96 0
21 1 0
21 6 0
21 11 0
21 16 0
21 21 0
21 26 0
21 31 0
21 36 0
21 41 0
21 46 0
21 51 0
21 56 0
21 61 0
21 66 0
21 71 0
21 76 0
21 81 0
21 86 0
21 91 0
21 96 0
26 1 0
26 6 0
26 11 0
26 16 0
26 21 0
26 26 0
26 31 0
26 36 0
26 41 0
26 46 0
26 51 0
26 56 0
26 61 0
26 66 0
26 71 0
26 76 0
26 81 0
26 86 0
26 91 0
26 96 0
31 1 0
31 6 0
31 11 0
31 16 0
31 21 0
31 26 0
31 31 0
31 36 0
31 41 0
31 46 0
31 51 0
31 56 0
31 61 0
31 66 0
31 71 0
31 76 0
31 81 0
31 86 0
31 91 0
31 96 0
36 1 0
36 6 0
36 11 0
36 16 0
36 21 0
36 26 0
36 31 0
36 36 0
36 41 0
36 46 0
36 51 0
36 56 0
36 61 0
36 66 0
36 71 0
36 76 0
36 81 0
36 86 0
36 91 0
36 96 0
41 1 0
41 6 0
41 11 0
41 16 0
41 21 0
41 26 0
41 31 0
41 36 0
41 41 0
41 46 0
41 51 0
41 56 0
41 61 0
41 66 0
41 71 0
41 76 0
41 81 0
41 86 0
41 91 0
41 96 0
46 1 0
46 6 0
46 11 0
46 16 0
46 21 0
46 26 0
46 31 0
46 36 0
46 41 0
46 46 0
46 51 0
46 56 0
46 61 0
46 66 0
46 71 0
46 76 0
46 81 0
46 86 0
46 91 0
46 96 0
51 1 0
51 6 0
51 11 0
51 16 0
51 21 0
51 26 0
51 31 0
51 36 0
51 41 0
51 46 0
51 51 0
51 56 0
51 61 0
51 66 0
51 71 0
51 76 0
51 81 0
51 86 0
51 91 0
51 96 0
56 1 0
56 6 0
56 11 0
56 16 0
56 21 0
56 26 0
56 31 0
56 36 0
56 41 0
56 46 0
56 51 0
56 56 0
56 61 0
56 66 0
56 71 0
56 76 0
56 81 0
56 86 0
56 91 0
56 96 0
61 1 0
61 6 0
61 11 0
61 16 0
61 21 0
61 26 0
61 31 0
61 36 0
61 41 0
61 46 0
61 51 0
61 56 0
61 61 0
61 66 0
61 71 0
61 76 0
61 81 0
61 86 0
61 91 0
61 96 0
66 1 0
66 6 0
66 11 0
66 16 0
66 21 0
66 26 0
66 31 0
66 36 0
66 41 0
66 46 0
66 51 0
66 56 0
66 61 0
66 66 0
66 71 0
66 76 0
66 81 0
66 86 0
66 91 0
66 96 0
71 1 0
71 6 0
71 11 0
71 16 0
71 21 0
71 26 0
71 31 0
71 36 0
71 41 0
71 46 0
71 51 0
71 56 0
71 61 0
71 66 0
71 71 0
71 76 0
71 81 0
71 86 0
71 91 0
71 96 0
76 1 0
76 6 0
76 11 0
76 16 0
76 21 0
76 26 0
76 31 0
76 36 0
76 41 0
76 46 0
76 51 0
76 56 0
76 61 0
76 66 0
76 71 0
76 76 0
76 81 0
76 86 0
76 91 0
76 96 0
81 1 0
81 6 0
81 11 0
81 16 0
81 21 0
81 26 0
81 31 0
81 36 0
81 41 0
81 46 0
81 51 0
81 56 0
81 61 0
81 66 0
81 71 0
81 76 0
81 81 0
81 86 0
81 91 0
81 96 0
86 1 0
86 6 0
86 11 0
86 16 0
86 21 0
86 26 0
86 31 0
86 36 0
86 41 0
86 46 0
86 51 0
86 56 0
86 61 0
86 66 0
86 71 0
86 76 0
86 81 0
86 86 0
86 91 0
86 96 0
91 1 0
91 6 0
91 11 0
91 16 0
91 21 0
91 26 0
91 31 0
91 36 0
91 41 0
91 46 0
91 51 0
91 56 0
91 61 0
91 66 0
91 71 0
91 76 0
91 81 0
91 86 0
91 91 0
91 96 0
96 1 0
96 6 0
96 11 0
96 16 0
96 21 0
96 26 0
96 31 0
96 36 0
96 41 0
96 46 0
96 51 0
96 56 0
96 61 0
96 66 0
96 71 0
96 76 0
96 81 0
96 86 0
96 91 0
96 96 0
1 1 71
1 6 215
1 11 655
1 16 1231
1 21 1803
1 26 3086
1 31 3991
1 36 5729
1 41 7292
1 46 10871
1 51 13560
1 56 18998
1 61 20876
1 66 23590
1 71 25758
1 76 30279
1 81 33303
1 86 37313
1 91 48585
1 96 51739
6 1 153
6 6 230
6 11 618
6 16 1310
6 21 1830
6 26 3193
6 31 3984
6 36 5953
6 41 7190
6 46 11655
6 51 11962
6 56 15528
6 61 19160
6 66 23595
6 71 26316
6 76 30056
6 81 33132
6 86 36992
6 91 49012
6 96 61918
11 1 460
11 6 313
11 11 654
11 16 1763
11 21 1908
11 26 3246
11 31 4187
11 36 6215
11 41 8774
11 46 12413
11 51 13475
11 56 17379
11 61 18277
11 66 24072
11 71 30753
11 76 32134
11 81 33809
11 86 37665
11 91 49543
11 96 53658
16 1 1000
16 6 684
16 11 759
16 16 1308
16 21 2001
16 26 3330
16 31 4134
16 36 6223
16 41 7871
16 46 11451
16 51 13352
16 56 15857
16 61 17963
16 66 24613
16 71 27650
16 76 33616
16 81 34571
16 86 47611
16 91 49464
16 96 56407
21 1 1776
21 6 1133
21 11 1004
21 16 1432
21 21 1939
21 26 3268
21 31 4292
21 36 6268
21 41 8203
21 46 11940
21 51 14237
21 56 16229
21 61 19567
21 66 25430
21 71 27842
21 76 33186
21 81 36977
21 86 40150
21 91 56627
21 96 54801
26 1 3237
26 6 1910
26 11 1651
26 16 1771
26 21 2084
26 26 3200
26 31 4258
26 36 6215
26 41 8407
26 46 11876
26 51 13542
26 56 16572
26 61 19874
26 66 24482
26 71 28008
26 76 31407
26 81 34756
26 86 38590
26 91 49610
26 96 54290
31 1 3942
31 6 3369
31 11 2358
31 16 2367
31 21 2772
31 26 3379
31 31 4722
31 36 6598
31 41 10475
31 46 12049
31 51 14403
31 56 18495
31 61 18628
31 66 25691
31 71 29042
31 76 35701
31 81 35226
31 86 39605
31 91 51467
31 96 55390
36 1 6358
36 6 4455
36 11 3737
36 16 3592
36 21 3251
36 26 3847
36 31 4454
36 36 6399
36 41 8480
36 46 12199
36 51 14217
36 56 16743
36 61 20016
36 66 25070
36 71 28142
36 76 30696
36 81 36504
36 86 40110
36 91 52644
36 96 68241
41 1 8069
41 6 9317
41 11 5299
41 16 4619
41 21 4515
41 26 4606
41 31 5940
41 36 7957
41 41 9008
41 46 15083
41 51 14709
41 56 16745
41 61 18822
41 66 25558
41 71 28578
41 76 32801
41 81 36331
41 86 39968
41 91 52736
41 96 68952
46 1 9881
46 6 9001
46 11 7073
46 16 6308
46 21 5906
46 26 5992
46 31 6539
46 36 7515
46 41 8589
46 46 11716
46 51 13968
46 56 16785
46 61 18955
46 66 25853
46 71 28793
46 76 31613
46 81 36713
46 86 40222
46 91 52416
46 96 56613
51 1 13647
51 6 10224
51 11 8744
51 16 7969
51 21 7141
51 26 7109
51 31 7236
51 36 7881
51 41 8813
51 46 12125
51 51 14175
51 56 16675
51 61 22588
51 66 26119
51 71 28860
51 76 31666
51 81 35421
51 86 39945
51 91 51897
51 96 56325
56 1 16191
56 6 14146
56 11 12559
56 16 9554
56 21 8783
56 26 8324
56 31 8444
56 36 8698
56 41 9842
56 46 12420
56 51 14236
56 56 16569
56 61 19767
56 66 25353
56 71 28513
56 76 33191
56 81 36862
56 86 41368
56 91 51688
56 96 57387
61 1 19459
61 6 16495
61 11 14577
61 16 13177
61 21 11115
61 26 9672
61 31 9877
61 36 10062
61 41 12738
61 46 13438
61 51 15044
61 56 16842
61 61 19448
61 66 26238
61 71 29678
61 76 32999
61 81 36534
61 86 40935
61 91 52914
61 96 56926
66 1 25514
66 6 19260
66 11 16852
66 16 15242
66 21 14743
66 26 13372
66 31 12712
66 36 13279
66 41 13559
66 46 14500
66 51 15687
66 56 18190
66 61 19823
66 66 26678
66 71 30224
66 76 32480
66 81 38024
66 86 40273
66 91 51473
66 96 56631
71 1 28293
71 6 25794
71 11 19607
71 16 17889
71 21 16522
71 26 15624
71 31 14404
71 36 14522
71 41 16124
71 46 15568
71 51 16221
71 56 25117
71 61 20186
71 66 25963
71 71 28835
71 76 32865
71 81 35788
71 86 45749
71 91 52321
71 96 58156
76 1 32136
76 6 28922
76 11 26484
76 16 20869
76 21 18923
76 26 18487
76 31 18099
76 36 15931
76 41 16329
76 46 17052
76 51 17949
76 56 19247
76 61 21786
76 66 30115
76 71 30442
76 76 34012
76 81 35745
76 86 40858
76 91 52220
76 96 58211
81 1 36931
81 6 32686
81 11 30063
81 16 31337
81 21 22904
81 26 20515
81 31 19330
81 36 18635
81 41 18500
81 46 18594
81 51 19430
81 56 22440
81 61 26183
81 66 27901
81 71 29919
81 76 33905
81 81 37305
81 86 42046
81 91 52353
81 96 57772
86 1 40495
86 6 37528
86 11 33507
86 16 31723
86 21 29698
86 26 26883
86 31 22253
86 36 20717
86 41 20484
86 46 20738
86 51 20834
86 56 21933
86 61 27617
86 66 28262
86 71 31564
86 76 34109
86 81 36820
86 86 45973
86 91 56815
86 96 57498
91 1 46089
91 6 40914
91 11 37449
91 16 34126
91 21 31833
91 26 30437
91 31 28316
91 36 27498
91 41 27422
91 46 25875
91 51 26134
91 56 27432
91 61 28549
91 66 29962
91 71 31839
91 76 34920
91 81 37969
91 86 40823
91 91 56161
91 96 57904
96 1 58986
96 6 46933
96 11 42572
96 16 40216
96 21 35987
96 26 33687
96 31 33141
96 36 39524
96 41 34996
96 46 29582
96 51 38138
96 56 32764
96 61 30474
96 66 32507
96 71 38344
96 76 40415
96 81 40309
96 86 42816
96 91 55729
96 96 61032
1 1 65
1 6 228
1 11 633
1 16 1246
1 21 1781
1 26 3068
1 31 4009
1 36 5728
1 41 7334
1 46 14610
1 51 12656
1 56 17012
1 61 18458
1 66 27208
1 71 25944
1 76 29654
1 81 37083
1 86 37717
1 91 58123
1 96 62689
6 1 153
6 6 270
6 11 613
6 16 1320
6 21 1949
6 26 4230
6 31 4133
6 36 6070
6 41 7228
6 46 10696
6 51 13446
6 56 15667
6 61 23745
6 66 23844
6 71 26721
6 76 31888
6 81 35576
6 86 36508
6 91 48598
6 96 51891
11 1 555
11 6 408
11 11 702
11 16 1278
11 21 2044
11 26 3251
11 31 5510
11 36 6387
11 41 8126
11 46 12874
11 51 13452
11 56 16206
11 61 18405
11 66 30993
11 71 28244
11 76 30633
11 81 33847
11 86 37730
11 91 49351
11 96 53698
16 1 958
16 6 983
16 11 737
16 16 1297
16 21 1934
16 26 3207
16 31 4408
16 36 6216
16 41 7852
16 46 15567
16 51 13487
16 56 21595
16 61 18015
16 66 25362
16 71 34130
16 76 34109
16 81 34659
16 86 37955
16 91 48084
16 96 54008
21 1 2368
21 6 1445
21 11 1023
21 16 1415
21 21 1998
21 26 3221
21 31 4850
21 36 6404
21 41 8379
21 46 15040
21 51 14237
21 56 18001
21 61 18887
21 66 25579
21 71 35685
21 76 31449
21 81 34664
21 86 38316
21 91 51930
21 96 54348
26 1 3231
26 6 2558
26 11 1685
26 16 1721
26 21 2237
26 26 3214
26 31 5583
26 36 6424
26 41 8174
26 46 14204
26 51 13983
26 56 16489
26 61 18879
26 66 24386
26 71 34608
26 76 40405
26 81 36968
26 86 42817
26 91 61001
26 96 64702
31 1 3961
31 6 3194
31 11 2291
31 16 2136
31 21 3057
31 26 4534
31 31 4275
31 36 6333
31 41 11055
31 46 11603
31 51 15058
31 56 16067
31 61 26124
31 66 25661
31 71 28651
31 76 36566
31 81 42011
31 86 45341
31 91 61720
31 96 65705
36 1 6692
36 6 4475
36 11 3732
36 16 3408
36 21 4191
36 26 4234
36 31 4498
36 36 7108
36 41 10023
36 46 11714
36 51 17548
36 56 16458
36 61 19458
36 66 29504
36 71 28481
36 76 30968
36 81 36817
36 86 39159
36 91 50999
36 96 55491
41 1 8951
41 6 6725
41 11 4912
41 16 4335
41 21 4290
41 26 4410
41 31 5966
41 36 6768
41 41 11328
41 46 11819
41 51 17396
41 56 16558
41 61 23742
41 66 26679
41 71 28520
41 76 32032
41 81 36131
41 86 44024
41 91 52533
41 96 56795
46 1 10773
46 6 8321
46 11 7227
46 16 6340
46 21 7952
46 26 6770
46 31 6591
46 36 7895
46 41 8768
46 46 11798
46 51 18858
46 56 17651
46 61 20220
46 66 27537
46 71 28798
46 76 32048
46 81 37471
46 86 40034
46 91 52859
46 96 56778
51 1 14412
51 6 10757
51 11 9114
51 16 7835
51 21 8385
51 26 7226
51 31 7272
51 36 8258
51 41 8974
51 46 12161
51 51 18928
51 56 16727
51 61 19487
51 66 30073
51 71 28717
51 76 31703
51 81 44644
51 86 40949
51 91 53316
51 96 58847
56 1 20528
56 6 13848
56 11 12425
56 16 10391
56 21 8707
56 26 8455
56 31 11508
56 36 8674
56 41 10252
56 46 13836
56 51 14679
56 56 22001
56 61 20229
56 66 26101
56 71 30051
56 76 39280
56 81 38541
56 86 51169
56 91 58482
56 96 67170
61 1 18599
61 6 16478
61 11 17938
61 16 13198
61 21 10661
61 26 9839
61 31 10591
61 36 10530
61 41 13489
61 46 13328
61 51 15134
61 56 16885
61 61 23102
61 66 27454
61 71 29740
61 76 34121
61 81 38827
61 86 40848
61 91 51762
61 96 56329
66 1 28837
66 6 19257
66 11 17997
66 16 20479
66 21 14257
66 26 13372
66 31 15846
66 36 12917
66 41 15848
66 46 14325
66 51 15914
66 56 17469
66 61 20711
66 66 25874
66 71 28458
66 76 35984
66 81 45758
66 86 46460
66 91 61239
66 96 60685
71 1 29200
71 6 34359
71 11 21538
71 16 19743
71 21 21648
71 26 15555
71 31 16396
71 36 15006
71 41 15564
71 46 15928
71 51 17652
71 56 18245
71 61 27084
71 66 25791
71 71 28754
71 76 33172
71 81 36054
71 86 40947
71 91 52840
71 96 57920
76 1 32433
76 6 30679
76 11 27140
76 16 21000
76 21 25288
76 26 17731
76 31 17067
76 36 17595
76 41 16368
76 46 17409
76 51 20205
76 56 19073
76 61 23721
76 66 26994
76 71 29995
76 76 32478
76 81 35928
76 86 41986
76 91 53522
76 96 57411
81 1 41807
81 6 32533
81 11 36219
81 16 27913
81 21 23484
81 26 27803
81 31 20044
81 36 22744
81 41 19654
81 46 20648
81 51 25658
81 56 21650
81 61 26278
81 66 33496
81 71 30173
81 76 37706
81 81 40193
81 86 48437
81 91 62373
81 96 58417
86 1 50001
86 6 36630
86 11 43252
86 16 31796
86 21 31712
86 26 26619
86 31 22686
86 36 21451
86 41 20614
86 46 21073
86 51 24019
86 56 21779
86 61 27388
86 66 34790
86 71 32140
86 76 34152
86 81 37045
86 86 43428
86 91 64527
86 96 58802
91 1 44520
91 6 48574
91 11 38622
91 16 40170
91 21 32135
91 26 38985
91 31 28225
91 36 33702
91 41 26362
91 46 29056
91 51 27162
91 56 27594
91 61 32880
91 66 38813
91 71 33534
91 76 34718
91 81 43247
91 86 42025
91 91 65247
91 96 61856
96 1 68767
96 6 53163
96 11 50292
96 16 46450
96 21 37369
96 26 33388
96 31 33496
96 36 32495
96 41 38455
96 46 28915
96 51 29124
96 56 33100
96 61 30812
96 66 31779
96 71 34412
96 76 37918
96 81 39024
96 86 45217
96 91 53899
96 96 58024
1 1 64
1 6 291
1 11 883
1 16 1262
1 21 2048
1 26 3020
1 31 4053
1 36 7643
1 41 7273
1 46 11067
1 51 16949
1 56 14443
1 61 21460
1 66 24512
1 71 26182
1 76 35903
1 81 34547
1 86 37803
1 91 49373
1 96 56794
6 1 154
6 6 231
6 11 617
6 16 1244
6 21 1841
6 26 3984
6 31 4183
6 36 6058
6 41 7991
6 46 10454
6 51 12135
6 56 20419
6 61 17519
6 66 25102
6 71 32750
6 76 30746
6 81 33441
6 86 38581
6 91 47894
6 96 51635
11 1 477
11 6 399
11 11 667
11 16 1289
11 21 1939
11 26 3167
11 31 5668
11 36 6218
11 41 8095
11 46 11852
11 51 13636
11 56 19443
11 61 18145
11 66 26757
11 71 32550
11 76 33064
11 81 33464
11 86 37686
11 91 51036
11 96 54802
16 1 1322
16 6 951
16 11 758
16 16 1325
16 21 1898
16 26 3156
16 31 5447
16 36 6360
16 41 7592
16 46 13908
16 51 13535
16 56 18492
16 61 18573
16 66 28959
16 71 32571
16 76 30798
16 81 34437
16 86 38722
16 91 48199
16 96 54521
21 1 1731
21 6 1208
21 11 1011
21 16 1486
21 21 2080
21 26 3211
21 31 5458
21 36 6183
21 41 8395
21 46 14505
21 51 13951
21 56 18705
21 61 18881
21 66 28388
21 71 31287
21 76 30909
21 81 34734
21 86 40978
21 91 50277
21 96 54254
26 1 3838
26 6 2536
26 11 2161
26 16 1690
26 21 2160
26 26 4193
26 31 5622
26 36 6320
26 41 9980
26 46 11857
26 51 14269
26 56 18294
26 61 18793
26 66 23907
26 71 36739
26 76 32031
26 81 35505
26 86 40768
26 91 55850
26 96 63716
31 1 5343
31 6 3226
31 11 2454
31 16 2153
31 21 2858
31 26 3470
31 31 4295
31 36 6357
31 41 11269
31 46 11592
31 51 17605
31 56 16340
31 61 21445
31 66 25199
31 71 28657
31 76 32109
31 81 35265
31 86 39326
31 91 50925
31 96 57442
36 1 7818
36 6 4462
36 11 4791
36 16 3443
36 21 3241
36 26 5199
36 31 4457
36 36 6441
36 41 10537
36 46 11711
36 51 16160
36 56 17501
36 61 25249
36 66 32969
36 71 28711
36 76 30666
36 81 36550
36 86 39138
36 91 51231
36 96 55263
41 1 10531
41 6 6874
41 11 4888
41 16 4335
41 21 4426
41 26 5727
41 31 5993
41 36 7539
41 41 10195
41 46 12058
41 51 15225
41 56 16721
41 61 24103
41 66 25513
41 71 29459
41 76 34333
41 81 40393
41 86 48031
41 91 55491
41 96 57252
46 1 9808
46 6 8283
46 11 7432
46 16 8327
46 21 6033
46 26 6046
46 31 6614
46 36 10193
46 41 8628
46 46 11775
46 51 14097
46 56 16752
46 61 19139
46 66 30969
46 71 28849
46 76 31497
46 81 36714
46 86 39989
46 91 51917
46 96 56320
51 1 15351
51 6 10115
51 11 8824
51 16 7839
51 21 8671
51 26 7284
51 31 7247
51 36 7940
51 41 11943
51 46 12360
51 51 18325
51 56 16696
51 61 22699
51 66 29192
51 71 28792
51 76 32533
51 81 35468
51 86 40172
51 91 53888
51 96 56294
56 1 17612
56 6 14045
56 11 13380
56 16 9498
56 21 8868
56 26 8252
56 31 8564
56 36 10354
56 41 9768
56 46 12650
56 51 14245
56 56 16763
56 61 19009
56 66 31060
56 71 28880
56 76 32112
56 81 36748
56 86 43392
56 91 52345
56 96 63874
61 1 21740
61 6 16631
61 11 21154
61 16 13326
61 21 12314
61 26 12918
61 31 9840
61 36 10104
61 41 14305
61 46 13353
61 51 17512
61 56 17268
61 61 19289
61 66 34073
61 71 30632
61 76 33621
61 81 36386
61 86 40349
61 91 51625
61 96 58085
66 1 31416
66 6 19064
66 11 17382
66 16 20371
66 21 14487
66 26 13580
66 31 17420
66 36 13623
66 41 17930
66 46 14539
66 51 21655
66 56 18339
66 61 20275
66 66 30448
66 71 28432
66 76 33212
66 81 38731
66 86 40292
66 91 51743
66 96 57454
71 1 33783
71 6 26109
71 11 21879
71 16 17823
71 21 16584
71 26 21397
71 31 14919
71 36 14657
71 41 14527
71 46 15468
71 51 16115
71 56 19007
71 61 21799
71 66 28274
71 71 34810
71 76 35065
71 81 43040
71 86 47590
71 91 60788
71 96 64677
76 1 33275
76 6 33476
76 11 26679
76 16 21324
76 21 19082
76 26 17536
76 31 18599
76 36 16233
76 41 16619
76 46 17074
76 51 18362
76 56 19328
76 61 24442
76 66 29728
76 71 30054
76 76 33253
76 81 37068
76 86 40342
76 91 56378
76 96 56786
81 1 43056
81 6 32413
81 11 33104
81 16 28517
81 21 22506
81 26 22087
81 31 19299
81 36 24510
81 41 19024
81 46 20899
81 51 19785
81 56 23515
81 61 28637
81 66 27689
81 71 30872
81 76 32894
81 81 38421
81 86 40483
81 91 53004
81 96 57100
86 1 47496
86 6 37190
86 11 41042
86 16 30836
86 21 31474
86 26 26887
86 31 24036
86 36 20972
86 41 20611
86 46 21602
86 51 27839
86 56 30141
86 61 26642
86 66 32538
86 71 31190
86 76 35183
86 81 36744
86 86 41482
86 91 56099
86 96 57601
91 1 51571
91 6 41368
91 11 46382
91 16 34716
91 21 41347
91 26 30619
91 31 35632
91 36 27066
91 41 33946
91 46 25990
91 51 30775
91 56 29329
91 61 28320
91 66 30262
91 71 35589
91 76 41183
91 81 38425
91 86 41376
91 91 52951
91 96 57678
96 1 59589
96 6 45763
96 11 52649
96 16 38413
96 21 41369
96 26 34851
96 31 42786
96 36 29903
96 41 38698
96 46 28825
96 51 31559
96 56 31367
96 61 30894
96 66 31905
96 71 40644
96 76 37562
96 81 43877
96 86 50382
96 91 58350
96 96 61500
1 1 54
1 6 247
1 11 843
1 16 1641
1 21 1780
1 26 3024
1 31 4020
1 36 7722
1 41 7200
1 46 11998
1 51 13926
1 56 14232
1 61 17623
1 66 24159
1 71 25791
1 76 34719
1 81 33262
1 86 37200
1 91 49717
1 96 50806
6 1 187
6 6 307
6 11 824
6 16 1285
6 21 1826
6 26 3112
6 31 4234
6 36 5969
6 41 7175
6 46 12240
6 51 11954
6 56 15871
6 61 17671
6 66 31847
6 71 26311
6 76 30110
6 81 35262
6 86 48114
6 91 56105
6 96 62295
11 1 449
11 6 297
11 11 663
11 16 1283
11 21 1900
11 26 4191
11 31 4253
11 36 6138
11 41 10516
11 46 11159
11 51 13765
11 56 16007
11 61 18363
11 66 23820
11 71 31822
11 76 32510
11 81 35853
11 86 37332
11 91 48835
11 96 54022
16 1 962
16 6 771
16 11 996
16 16 1387
16 21 1965
16 26 3201
16 31 5495
16 36 6151
16 41 7513
16 46 12248
16 51 13511
16 56 16060
16 61 17964
16 66 33423
16 71 34898
16 76 32168
16 81 39523
16 86 37854
16 91 50595
16 96 53478
21 1 1802
21 6 1508
21 11 1373
21 16 1460
21 21 2183
21 26 3445
21 31 5700
21 36 6209
21 41 8232
21 46 15927
21 51 13927
21 56 19584
21 61 18752
21 66 24490
21 71 36807
21 76 32492
21 81 34327
21 86 39279
21 91 59957
21 96 67162
26 1 2943
26 6 1932
26 11 1699
26 16 1731
26 21 2934
26 26 3505
26 31 4232
26 36 7196
26 41 10839
26 46 12886
26 51 18213
26 56 16270
26 61 22123
26 66 25116
26 71 28417
26 76 30884
26 81 37528
26 86 41940
26 91 50159
26 96 53840
31 1 4290
31 6 4262
31 11 2323
31 16 2213
31 21 2875
31 26 3374
31 31 5611
31 36 6347
31 41 8489
31 46 15684
31 51 13929
31 56 19714
31 61 19437
31 66 25008
31 71 31479
31 76 37944
31 81 41905
31 86 48875
31 91 64847
31 96 62367
36 1 6468
36 6 4483
36 11 4716
36 16 3403
36 21 4265
36 26 4942
36 31 4472
36 36 8103
36 41 8482
36 46 12001
36 51 16440
36 56 16185
36 61 22598
36 66 25172
36 71 28811
36 76 35605
36 81 44786
36 86 47247
36 91 61416
36 96 62642
41 1 8578
41 6 6782
41 11 4854
41 16 5712
41 21 5648
41 26 4340
41 31 5876
41 36 7575
41 41 8466
41 46 11829
41 51 17704
41 56 16623
41 61 22654
41 66 32493
41 71 28318
41 76 31884
41 81 37997
41 86 39587
41 91 52807
41 96 54690
46 1 10859
46 6 8634
46 11 7172
46 16 6260
46 21 6048
46 26 8053
46 31 6666
46 36 7412
46 41 11092
46 46 11747
46 51 18473
46 56 16892
46 61 25327
46 66 25120
46 71 28766
46 76 33939
46 81 45021
46 86 39582
46 91 52206
46 96 59057
51 1 18380
51 6 10124
51 11 8848
51 16 8434
51 21 7143
51 26 7179
51 31 7899
51 36 10596
51 41 8863
51 46 13195
51 51 14447
51 56 21343
51 61 19687
51 66 25569
51 71 38022
51 76 37158
51 81 43404
51 86 48498
51 91 60356
51 96 60626
56 1 16025
56 6 14041
56 11 13205
56 16 10587
56 21 8729
56 26 8292
56 31 9663
56 36 8706
56 41 9954
56 46 16492
56 51 14150
56 56 22318
56 61 19257
56 66 25513
56 71 33430
56 76 36506
56 81 38506
56 86 44620
56 91 60065
56 96 68096
61 1 18870
61 6 16633
61 11 19218
61 16 13330
61 21 10637
61 26 10896
61 31 10117
61 36 10086
61 41 13394
61 46 13285
61 51 15113
61 56 22662
61 61 19193
61 66 25887
61 71 38881
61 76 35725
61 81 37041
61 86 46263
61 91 65105
61 96 59058
66 1 25173
66 6 19201
66 11 21197
66 16 15319
66 21 14198
66 26 16339
66 31 12901
66 36 13964
66 41 15479
66 46 14327
66 51 16083
66 56 17533
66 61 19813
66 66 32575
66 71 30559
66 76 32192
66 81 36518
66 86 43284
66 91 51337
66 96 56939
71 1 35227
71 6 25962
71 11 19780
71 16 19551
71 21 16619
71 26 15603
71 31 14882
71 36 14318
71 41 19207
71 46 15319
71 51 18949
71 56 19399
71 61 26718
71 66 27244
71 71 28696
71 76 33124
71 81 38305
71 86 41114
71 91 54125
71 96 60084
76 1 38405
76 6 29445
76 11 35201
76 16 21115
76 21 24751
76 26 17656
76 31 17807
76 36 16098
76 41 16323
76 46 16971
76 51 17805
76 56 19428
76 61 24072
76 66 34740
76 71 30099
76 76 35597
76 81 36104
76 86 40692
76 91 52940
76 96 56973
81 1 43414
81 6 33267
81 11 34620
81 16 27492
81 21 22973
81 26 20228
81 31 19710
81 36 22836
81 41 18280
81 46 21450
81 51 19366
81 56 24580
81 61 25603
81 66 27632
81 71 31639
81 76 34587
81 81 37400
81 86 52193
81 91 53238
81 96 58493
86 1 40839
86 6 36701
86 11 41555
86 16 31205
86 21 31225
86 26 26573
86 31 27577
86 36 21077
86 41 25520
86 46 20914
86 51 27035
86 56 21805
86 61 27176
86 66 36408
86 71 31090
86 76 33926
86 81 37154
86 86 41286
86 91 52594
86 96 57784
91 1 47020
91 6 45205
91 11 39748
91 16 44219
91 21 38727
91 26 30072
91 31 34223
91 36 28080
91 41 32991
91 46 27158
91 51 34076
91 56 33179
91 61 28448
91 66 30646
91 71 36417
91 76 37223
91 81 47617
91 86 45907
91 91 60945
91 96 60170
96 1 59736
96 6 45497
96 11 50732
96 16 38229
96 21 42235
96 26 33882
96 31 40340
96 36 30512
96 41 35263
96 46 30241
96 51 29304
96 56 31024
96 61 30817
96 66 31958
96 71 33936
96 76 36023
96 81 40667
96 86 48064
96 91 57334
96 96 63412
