1 1 16
1 6 672
1 11 2096
1 16 4352
1 21 7392
1 26 11232
1 31 15872
1 36 21312
1 41 27552
1 46 34592
1 51 42432
1 56 51072
1 61 60512
1 66 70752
1 71 81792
1 76 93632
1 81 106272
1 86 119712
1 91 133952
1 96 148992
6 1 304
6 6 672
6 11 2112
6 16 4352
6 21 7392
6 26 11232
6 31 15856
6 36 21312
6 41 27552
6 46 34592
6 51 42432
6 56 51072
6 61 60496
6 66 70752
6 71 81792
6 76 93632
6 81 106272
6 86 119712
6 91 133952
6 96 148992
11 1 1344
11 6 944
11 11 2112
11 16 4352
11 21 7376
11 26 11232
11 31 15872
11 36 21312
11 41 27552
11 46 34592
11 51 42432
11 56 51072
11 61 60512
11 66 70752
11 71 81792
11 76 93632
11 81 106272
11 86 119696
11 91 133952
11 96 148992
16 1 3184
16 6 2016
16 11 2432
16 16 4352
16 21 7360
16 26 11232
16 31 15872
16 36 21312
16 41 27552
16 46 34592
16 51 42432
16 56 51072
16 61 60512
16 66 70752
16 71 81792
16 76 93632
16 81 106272
16 86 119712
16 91 133952
16 96 148992
21 1 5824
21 6 3856
21 11 3472
21 16 4656
21 21 7392
21 26 11232
21 31 15872
21 36 21296
21 41 27552
21 46 34592
21 51 42416
21 56 51072
21 61 60512
21 66 70752
21 71 81792
21 76 93632
21 81 106272
21 86 119712
21 91 133952
21 96 148992
26 1 9264
26 6 6496
26 11 5328
26 16 5696
26 21 7680
26 26 11200
26 31 15872
26 36 21280
26 41 27552
26 46 34576
26 51 42432
26 56 51072
26 61 60512
26 66 70752
26 71 81776
26 76 93616
26 81 106272
26 86 119712
26 91 133952
26 96 148976
31 1 13504
31 6 9936
31 11 7968
31 16 7568
31 21 8768
31 26 11520
31 31 15872
31 36 21296
31 41 27552
31 46 34560
31 51 42432
31 56 51072
31 61 60512
31 66 70752
31 71 81792
31 76 93616
31 81 106272
31 86 119696
31 91 133952
31 96 148992
36 1 18544
36 6 14208
36 11 11424
36 16 10192
36 21 10624
36 26 12544
36 31 16160
36 36 21312
36 41 27552
36 46 34576
36 51 42432
36 56 51072
36 61 60512
36 66 70752
36 71 81776
36 76 93616
36 81 106272
36 86 119696
36 91 133952
36 96 148992
41 1 24384
41 6 19248
41 11 15680
41 16 13696
41 21 13312
41 26 14448
41 31 17232
41 36 21600
41 41 27552
41 46 34592
41 51 42432
41 56 51072
41 61 60512
41 66 70736
41 71 81792
41 76 93616
41 81 106272
41 86 119712
41 91 133936
41 96 148960
46 1 31024
46 6 25088
46 11 20768
46 16 17920
46 21 16784
46 26 17136
46 31 19152
46 36 22656
46 41 27872
46 46 34592
46 51 42432
46 56 51072
46 61 60496
46 66 70752
46 71 81792
46 76 93616
46 81 106272
46 86 119712
46 91 133936
46 96 148992
51 1 38464
51 6 31744
51 11 26576
51 16 22976
51 21 21040
51 26 20528
51 31 21808
51 36 24560
51 41 28944
51 46 34864
51 51 42432
51 56 51072
51 61 60512
51 66 70752
51 71 81792
51 76 93616
51 81 106272
51 86 119712
51 91 133936
51 96 148992
56 1 46704
56 6 39184
56 11 33184
56 16 28848
56 21 26048
56 26 24880
56 31 25184
56 36 27152
56 41 30800
56 46 35936
56 51 42736
56 56 51072
56 61 60512
56 66 70752
56 71 81792
56 76 93600
56 81 106256
56 86 119712
56 91 133952
56 96 148992
61 1 55744
61 6 47424
61 11 40608
61 16 35520
61 21 31904
61 26 29904
61 31 29488
61 36 30688
61 41 33456
61 46 37904
61 51 43824
61 56 51360
61 61 60512
61 66 70752
61 71 81776
61 76 93632
61 81 106272
61 86 119712
61 91 133920
61 96 148992
66 1 65584
66 6 56448
66 11 48896
66 16 42960
66 21 38592
66 26 35744
66 31 34560
66 36 34960
66 41 36960
66 46 40512
66 51 45680
66 56 52464
66 61 60800
66 66 70736
66 71 81792
66 76 93632
66 81 106256
66 86 119696
66 91 133952
66 96 148976
71 1 76224
71 6 66288
71 11 57952
71 16 51200
71 21 46032
71 26 42416
71 31 40416
71 36 40064
71 41 41200
71 46 43968
71 51 48384
71 56 54336
71 61 61888
71 66 71024
71 71 81792
71 76 93632
71 81 106272
71 86 119712
71 91 133936
71 96 148976
76 1 87664
76 6 76928
76 11 67792
76 16 60272
76 21 54224
76 26 49840
76 31 47040
76 36 45888
76 41 46272
76 46 48320
76 51 51840
76 56 56976
76 61 63776
76 66 72144
76 71 82096
76 76 93632
76 81 106272
76 86 119712
76 91 133952
76 96 148960
81 1 99904
81 6 88384
81 11 78432
81 16 70096
81 21 63312
81 26 58160
81 31 54496
81 36 52560
81 41 52176
81 46 53232
81 51 56128
81 56 60544
81 61 66448
81 66 74000
81 71 83120
81 76 93920
81 81 106272
81 86 119696
81 91 133952
81 96 148976
86 1 112944
86 6 100608
86 11 89840
86 16 80688
86 21 73200
86 26 67120
86 31 62896
86 36 60016
86 41 58752
86 46 59216
86 51 61136
86 56 64752
86 61 69936
86 66 76672
86 71 85040
86 76 95024
86 81 106592
86 86 119696
86 91 133952
86 96 148976
91 1 126784
91 6 113632
91 11 102128
91 16 92192
91 21 83792
91 26 77024
91 31 71904
91 36 68288
91 41 66176
91 46 65920
91 51 66992
91 56 69824
91 61 74208
91 66 80160
91 71 87696
91 76 96864
91 81 107648
91 86 120000
91 91 133952
91 96 148960
96 1 141424
96 6 127488
96 11 115136
96 16 104416
96 21 95216
96 26 87744
96 31 81648
96 36 77264
96 41 74560
96 46 73376
96 51 73776
96 56 75712
96 61 79264
96 66 84496
96 71 91168
96 76 99600
96 81 109552
96 86 121072
96 91 134256
96 96 148992
