1 1 52
1 6 225
1 11 625
1 16 1206
1 21 1833
1 26 3056
1 31 3974
1 36 5633
1 41 8234
1 46 11053
1 51 12609
1 56 14339
1 61 19032
1 66 23572
1 71 27659
1 76 28996
1 81 33206
1 86 36721
1 91 47801
1 96 51390
6 1 154
6 6 234
6 11 612
6 16 1253
6 21 1835
6 26 3170
6 31 4443
6 36 5927
6 41 8520
6 46 10339
6 51 11901
6 56 15501
6 61 17527
6 66 23541
6 71 26490
6 76 30101
6 81 33267
6 86 36631
6 91 49864
6 96 51308
11 1 519
11 6 490
11 11 650
11 16 1299
11 21 2043
11 26 3124
11 31 4200
11 36 6163
11 41 8532
11 46 11225
11 51 13482
11 56 15625
11 61 18237
11 66 23830
11 71 28929
11 76 30973
11 81 33568
11 86 36986
11 91 49402
11 96 53040
16 1 944
16 6 779
16 11 754
16 16 1293
16 21 1934
16 26 3177
16 31 4162
16 36 6160
16 41 8090
16 46 11338
16 51 13479
16 56 16175
16 61 18131
16 66 24664
16 71 27676
16 76 30684
16 81 36966
16 86 37235
16 91 48638
16 96 53893
21 1 1888
21 6 1125
21 11 1027
21 16 1373
21 21 2052
21 26 3249
21 31 4267
21 36 6158
21 41 8551
21 46 11802
21 51 13880
21 56 16210
21 61 18610
21 66 24992
21 71 27414
21 76 30976
21 81 37000
21 86 38201
21 91 51069
21 96 55606
26 1 2930
26 6 1960
26 11 1675
26 16 1700
26 21 2167
26 26 3166
26 31 4414
26 36 6155
26 41 8631
26 46 11486
26 51 13754
26 56 16274
26 61 18814
26 66 24185
26 71 27862
26 76 31359
26 81 34592
26 86 37852
26 91 49820
26 96 56235
31 1 4042
31 6 3229
31 11 2383
31 16 2140
31 21 2816
31 26 3377
31 31 4302
31 36 6298
31 41 8675
31 46 11553
31 51 13932
31 56 16130
31 61 18533
31 66 24711
31 71 30004
31 76 31200
31 81 34936
31 86 39364
31 91 50657
31 96 54854
36 1 6413
36 6 4452
36 11 3702
36 16 3378
36 21 3232
36 26 3905
36 31 4518
36 36 6240
36 41 8637
36 46 11677
36 51 13484
36 56 17192
36 61 20136
36 66 25441
36 71 28579
36 76 31007
36 81 35108
36 86 39308
36 91 50673
36 96 54858
41 1 9180
41 6 6656
41 11 4929
41 16 4513
41 21 4332
41 26 4416
41 31 5930
41 36 6826
41 41 8685
41 46 11891
41 51 14132
41 56 16548
41 61 18897
41 66 27175
41 71 28300
41 76 31868
41 81 35014
41 86 43913
41 91 51591
41 96 55067
46 1 10995
46 6 8234
46 11 7331
46 16 6154
46 21 6929
46 26 6007
46 31 6620
46 36 7304
46 41 8967
46 46 11742
46 51 14225
46 56 16725
46 61 19574
46 66 25411
46 71 28486
46 76 31681
46 81 35780
46 86 39917
46 91 52095
46 96 56337
51 1 14417
51 6 10049
51 11 8780
51 16 7827
51 21 7945
51 26 7168
51 31 7670
51 36 8210
51 41 9198
51 46 12080
51 51 14088
51 56 16714
51 61 19351
51 66 25582
51 71 28707
51 76 32029
51 81 35601
51 86 40335
51 91 52507
51 96 57083
56 1 17872
56 6 14009
56 11 12639
56 16 9469
56 21 9669
56 26 8291
56 31 8553
56 36 8617
56 41 10406
56 46 12371
56 51 14970
56 56 16815
56 61 19184
56 66 25214
56 71 28239
56 76 31834
56 81 35768
56 86 40792
56 91 51858
56 96 56521
61 1 19883
61 6 16494
61 11 14719
61 16 13346
61 21 12157
61 26 10161
61 31 9826
61 36 10024
61 41 12527
61 46 13333
61 51 14986
61 56 17258
61 61 19274
61 66 25937
61 71 31757
61 76 32857
61 81 36614
61 86 40239
61 91 51762
61 96 56809
66 1 25625
66 6 19084
66 11 17037
66 16 15496
66 21 16439
66 26 13334
66 31 12853
66 36 12858
66 41 17539
66 46 14857
66 51 15784
66 56 17561
66 61 20203
66 66 34350
66 71 28199
66 76 34397
66 81 36529
66 86 40067
66 91 51684
66 96 56963
71 1 29649
71 6 25740
71 11 19630
71 16 17821
71 21 17271
71 26 15456
71 31 14546
71 36 14499
71 41 14719
71 46 15440
71 51 16198
71 56 18232
71 61 19962
71 66 26654
71 71 28923
71 76 34866
71 81 35996
71 86 41028
71 91 52492
71 96 57665
76 1 33213
76 6 29216
76 11 26368
76 16 22036
76 21 20182
76 26 17484
76 31 17396
76 36 15926
76 41 16485
76 46 16956
76 51 17771
76 56 19551
76 61 20914
76 66 26831
76 71 29778
76 76 32797
76 81 36151
76 86 40000
76 91 53015
76 96 57550
81 1 36356
81 6 32645
81 11 31563
81 16 27064
81 21 22724
81 26 20890
81 31 19467
81 36 18505
81 41 18496
81 46 18326
81 51 19467
81 56 20692
81 61 25498
81 66 27501
81 71 29905
81 76 32949
81 81 36814
81 86 40814
81 91 52742
81 96 57493
86 1 40661
86 6 37255
86 11 33727
86 16 30743
86 21 28786
86 26 27394
86 31 23509
86 36 20683
86 41 20554
86 46 20742
86 51 21003
86 56 21620
86 61 27983
86 66 28385
86 71 31107
86 76 33529
86 81 38194
86 86 41433
86 91 53823
86 96 56965
91 1 46032
91 6 40955
91 11 37432
91 16 37029
91 21 32039
91 26 29916
91 31 28091
91 36 27485
91 41 26641
91 46 26205
91 51 26167
91 56 27201
91 61 28505
91 66 29883
91 71 31569
91 76 34500
91 81 37916
91 86 41571
91 91 52402
91 96 58368
96 1 58060
96 6 45405
96 11 41660
96 16 38072
96 21 35645
96 26 33672
96 31 31640
96 36 30532
96 41 29134
96 46 28530
96 51 29231
96 56 28928
96 61 30947
96 66 32157
96 71 33703
96 76 35929
96 81 38849
96 86 44512
96 91 53564
96 96 58575
