1 1 73
1 6 173
1 11 498
1 16 933
1 21 1320
1 26 2243
1 31 2689
1 36 4027
1 41 4913
1 46 6937
1 51 8008
1 56 8966
1 61 10548
1 66 14309
1 71 15840
1 76 17032
1 81 21448
1 86 20902
1 91 27423
1 96 30476
6 1 52
6 6 236
6 11 642
6 16 1283
6 21 1695
6 26 2819
6 31 3479
6 36 4914
6 41 7283
6 46 8497
6 51 9775
6 56 11471
6 61 13343
6 66 17162
6 71 19024
6 76 21261
6 81 24994
6 86 25646
6 91 32761
6 96 35671
11 1 56
11 6 267
11 11 657
11 16 1264
11 21 1881
11 26 3812
11 31 3730
11 36 5409
11 41 7203
11 46 9181
11 51 10510
11 56 12233
11 61 15891
11 66 18748
11 71 20682
11 76 22941
11 81 26189
11 86 27935
11 91 36067
11 96 38634
16 1 68
16 6 263
16 11 822
16 16 1332
16 21 1972
16 26 3178
16 31 3994
16 36 5747
16 41 7212
16 46 9652
16 51 11327
16 56 13043
16 61 15158
16 66 20013
16 71 22027
16 76 24022
16 81 28496
16 86 29354
16 91 38103
16 96 41066
21 1 67
21 6 266
21 11 724
21 16 1399
21 21 2014
21 26 3413
21 31 4158
21 36 5970
21 41 7872
21 46 10166
21 51 11844
21 56 13721
21 61 17712
21 66 20362
21 71 22633
21 76 25421
21 81 28655
21 86 30922
21 91 39898
21 96 42100
26 1 74
26 6 346
26 11 718
26 16 1452
26 21 2128
26 26 4034
26 31 4333
26 36 6383
26 41 7626
26 46 10396
26 51 12073
26 56 14109
26 61 17136
26 66 21268
26 71 23447
26 76 26321
26 81 30273
26 86 31743
26 91 40141
26 96 43224
31 1 64
31 6 279
31 11 747
31 16 1432
31 21 2126
31 26 3596
31 31 4682
31 36 6758
31 41 9089
31 46 11173
31 51 13074
31 56 15324
31 61 19382
31 66 23026
31 71 25192
31 76 28834
31 81 32235
31 86 34062
31 91 43771
31 96 47388
36 1 55
36 6 449
36 11 729
36 16 1686
36 21 2142
36 26 3769
36 31 4738
36 36 6949
36 41 9241
36 46 11749
36 51 13970
36 56 15681
36 61 19414
36 66 23930
36 71 26307
36 76 29291
36 81 33477
36 86 35403
36 91 47036
36 96 48704
41 1 68
41 6 278
41 11 749
41 16 1451
41 21 2424
41 26 3705
41 31 4827
41 36 7061
41 41 9511
41 46 12085
41 51 13897
41 56 16056
41 61 20620
41 66 24031
41 71 26629
41 76 29500
41 81 33664
41 86 36551
41 91 46977
41 96 50123
46 1 75
46 6 263
46 11 798
46 16 1384
46 21 2296
46 26 3751
46 31 4894
46 36 7083
46 41 8870
46 46 12125
46 51 14131
46 56 16487
46 61 20167
46 66 24627
46 71 27460
46 76 30484
46 81 34162
46 86 37289
46 91 46864
46 96 51482
51 1 66
51 6 280
51 11 755
51 16 1484
51 21 2398
51 26 3795
51 31 4914
51 36 7156
51 41 9003
51 46 12352
51 51 14522
51 56 16867
51 61 21872
51 66 24926
51 71 28265
51 76 31070
51 81 36903
51 86 37969
51 91 47950
51 96 52663
56 1 77
56 6 305
56 11 746
56 16 1470
56 21 2109
56 26 3772
56 31 4936
56 36 7279
56 41 9301
56 46 12584
56 51 14558
56 56 17309
56 61 20749
56 66 25908
56 71 28748
56 76 31856
56 81 36307
56 86 38415
56 91 48736
56 96 53025
61 1 68
61 6 281
61 11 786
61 16 1522
61 21 2367
61 26 3897
61 31 4976
61 36 7335
61 41 9289
61 46 12741
61 51 15236
61 56 16981
61 61 20926
61 66 26077
61 71 28951
61 76 32056
61 81 37275
61 86 42250
61 91 50943
61 96 54537
66 1 67
66 6 281
66 11 767
66 16 1519
66 21 2367
66 26 3856
66 31 5194
66 36 7203
66 41 9993
66 46 13127
66 51 15319
66 56 17516
66 61 22076
66 66 35041
66 71 30655
66 76 33007
66 81 36744
66 86 39898
66 91 50307
66 96 55097
71 1 62
71 6 309
71 11 763
71 16 1465
71 21 2410
71 26 3836
71 31 5017
71 36 7535
71 41 9768
71 46 12958
71 51 15027
71 56 18001
71 61 22111
71 66 26817
71 71 30000
71 76 33224
71 81 38918
71 86 40694
71 91 51858
71 96 56653
76 1 68
76 6 278
76 11 772
76 16 1480
76 21 2608
76 26 3836
76 31 5088
76 36 7368
76 41 9298
76 46 12776
76 51 15713
76 56 17736
76 61 21956
76 66 27209
76 71 30305
76 76 33625
76 81 38785
76 86 41256
76 91 52494
76 96 57074
81 1 55
81 6 347
81 11 754
81 16 1484
81 21 2547
81 26 4034
81 31 5446
81 36 7529
81 41 9743
81 46 13631
81 51 15668
81 56 17729
81 61 22744
81 66 27250
81 71 30377
81 76 33697
81 81 38503
81 86 41460
81 91 52997
81 96 58147
86 1 67
86 6 281
86 11 755
86 16 1458
86 21 2378
86 26 3896
86 31 5180
86 36 7311
86 41 9707
86 46 13444
86 51 15645
86 56 17846
86 61 22455
86 66 28039
86 71 31055
86 76 34057
86 81 39924
86 86 42137
86 91 56261
86 96 59099
91 1 68
91 6 278
91 11 759
91 16 1501
91 21 2440
91 26 3859
91 31 5197
91 36 7466
91 41 9428
91 46 13409
91 51 15608
91 56 19037
91 61 22626
91 66 27451
91 71 31517
91 76 34990
91 81 38753
91 86 42770
91 91 54705
91 96 59216
96 1 68
96 6 268
96 11 746
96 16 1480
96 21 2434
96 26 3841
96 31 5177
96 36 7445
96 41 10331
96 46 13316
96 51 15368
96 56 18606
96 61 23460
96 66 27422
96 71 31057
96 76 34761
96 81 41548
96 86 42822
96 91 58235
96 96 59916
